Source File Name:	Scan
Signal:	Time - Vib Velocity - Samples

Time	Time Signal
[ s ]	[ m/s ]
0	1.567864e-5
1.5999999663e-8	3.375247e-6
3.1999999327e-8	-3.503676e-6
4.799999899e-8	-1.050906e-5
6.3999998653e-8	-3.868372e-5
7.9999998317e-8	2.335993e-5
9.599999798e-8	2.971985e-5
1.1199999764e-7	6.508113e-6
1.2799999731e-7	-1.526504e-5
1.4399999697e-7	3.580096e-5
1.5999999663e-7	6.181466e-5
1.759999963e-7	0.0001340919
1.9199999596e-7	0.0001389206
2.0799999562e-7	0.0001057381
2.2399999529e-7	6.411074e-5
2.3999999495e-7	0.0001603913
2.5599999461e-7	0.0001323273
2.7199999428e-7	9.747603e-5
2.8799999394e-7	2.572077e-5
3.039999936e-7	-5.032204e-5
3.1999999327e-7	-7.934694e-5
3.3599999293e-7	-0.0001296622
3.5199999259e-7	-0.0001690712
3.6799999226e-7	-0.0001244348
3.8399999192e-7	-8.722239e-5
3.9999999158e-7	-0.0001543038
4.1599999125e-7	-0.0001181178
4.3199999091e-7	-0.0001187035
4.4799999057e-7	-0.0001295841
4.6399999024e-7	-0.0001442944
4.799999899e-7	-0.0001648967
4.9599998956e-7	-2.8141e-5
5.1199998923e-7	8.017824e-5
5.2799998889e-7	0.0001269233
5.4399998855e-7	0.0001104539
5.5999998822e-7	0.0001275322
5.7599998788e-7	0.0001271846
5.9199998754e-7	0.0001425674
6.0799998721e-7	0.0001365359
6.2399998687e-7	8.541175e-5
6.3999998653e-7	0.0001538012
6.559999862e-7	1.13333e-5
6.7199998586e-7	3.919206e-6
6.8799998552e-7	1.217486e-6
7.0399998519e-7	5.440954e-6
7.1999998485e-7	1.406337e-5
7.3599998451e-7	-5.227771e-5
7.5199998418e-7	-2.442926e-5
7.6799998384e-7	-4.65041e-5
7.839999835e-7	-0.0001709253
7.9999998317e-7	-0.0001169856
8.1599998283e-7	-0.0001515439
8.3199998249e-7	-0.0001106267
8.4799998216e-7	-0.0001166221
8.6399998182e-7	-0.0001048764
8.7999998148e-7	-8.490842e-5
8.9599998115e-7	-3.176446e-5
9.1199998081e-7	-2.141166e-5
9.2799998047e-7	4.465854e-5
9.4399998014e-7	2.167681e-5
9.599999798e-7	1.107091e-5
9.7599997946e-7	-3.101621e-5
9.9199997913e-7	-6.087959e-5
1.0079999788e-6	-3.119651e-6
1.0239999785e-6	-3.024276e-5
1.0399999781e-6	-7.240901e-5
1.0559999778e-6	-0.0001521485
1.0719999774e-6	-0.0001311861
1.0879999771e-6	-0.0001174389
1.1039999768e-6	-9.454032e-5
1.1199999764e-6	-0.0001456352
1.1359999761e-6	-0.0001746554
1.1519999758e-6	-0.0001024252
1.1679999754e-6	-2.416579e-5
1.1839999751e-6	-5.348051e-5
1.1999999748e-6	1.2794e-5
1.2159999744e-6	-1.588297e-5
1.2319999741e-6	4.579345e-5
1.2479999737e-6	0.0001035998
1.2639999734e-6	1.538201e-5
1.2799999731e-6	3.791305e-5
1.2959999727e-6	7.630711e-5
1.3119999724e-6	5.578187e-5
1.3279999721e-6	0.0001548016
1.3439999717e-6	0.0001192683
1.3599999714e-6	3.900717e-5
1.375999971e-6	2.184695e-5
1.3919999707e-6	5.794791e-5
1.4079999704e-6	6.974269e-5
1.42399997e-6	9.72343e-5
1.4399999697e-6	6.90533e-5
1.4559999694e-6	6.369367e-5
1.471999969e-6	0.0001121998
1.4879999687e-6	0.000192313
1.5039999684e-6	0.0002162301
1.519999968e-6	0.0002198965
1.5359999677e-6	0.0002175829
1.5519999673e-6	0.0002783052
1.567999967e-6	0.0002646132
1.5839999667e-6	0.0003177138
1.5999999663e-6	0.0003452929
1.615999966e-6	0.0003180132
1.6319999657e-6	0.0003168487
1.6479999653e-6	0.0002350065
1.663999965e-6	0.0002028351
1.6799999647e-6	0.0001481467
1.6959999643e-6	9.920831e-5
1.711999964e-6	2.710223e-5
1.7279999636e-6	-2.571437e-5
1.7439999633e-6	-5.322321e-5
1.759999963e-6	-9.06475e-5
1.7759999626e-6	-0.0001445757
1.7919999623e-6	-0.0001868281
1.807999962e-6	-0.0001886064
1.8239999616e-6	-0.0001662291
1.8399999613e-6	-0.0002022977
1.8559999609e-6	-0.0001856016
1.8719999606e-6	-0.0002865333
1.8879999603e-6	-0.0002495341
1.9039999599e-6	-0.0001737753
1.9199999596e-6	-0.0001856345
1.9359999593e-6	-0.0001782596
1.9519999589e-6	-0.0002306822
1.9679999586e-6	-0.0002355142
1.9839999583e-6	-0.0002337115
1.9999999579e-6	-0.0002309783
2.0159999576e-6	-0.0002297692
2.0319999572e-6	-0.0001930209
2.0479999569e-6	-0.0002846586
2.0639999566e-6	-0.0002652575
2.0799999562e-6	-0.0002348206
2.0959999559e-6	-0.0001822147
2.1119999556e-6	-0.0001433843
2.1279999552e-6	-0.0001977377
2.1439999549e-6	-0.0001820053
2.1599999546e-6	-0.0001459615
2.1759999542e-6	-0.000144744
2.1919999539e-6	-4.838958e-5
2.2079999535e-6	9.955641e-6
2.2239999532e-6	8.720535e-5
2.2399999529e-6	8.398181e-5
2.2559999525e-6	9.292389e-5
2.2719999522e-6	0.0001033004
2.2879999519e-6	0.0001230043
2.3039999515e-6	9.344971e-5
2.3199999512e-6	0.0001203943
2.3359999508e-6	7.853714e-5
2.3519999505e-6	6.081072e-5
2.3679999502e-6	7.21939e-5
2.3839999498e-6	0.0001163531
2.3999999495e-6	8.810724e-5
2.4159999492e-6	3.647891e-5
2.4319999488e-6	3.98087e-5
2.4479999485e-6	8.909855e-5
2.4639999482e-6	7.0207e-5
2.4799999478e-6	9.228152e-5
2.4959999475e-6	0.0001355731
2.5119999471e-6	0.0001717327
2.5279999468e-6	0.0002479184
2.5439999465e-6	0.0002903473
2.5599999461e-6	0.0003023428
2.5759999458e-6	0.0002920984
2.5919999455e-6	0.0003286468
2.6079999451e-6	0.0003188018
2.6239999448e-6	0.000332267
2.6399999445e-6	0.0003384382
2.6559999441e-6	0.0002960949
2.6719999438e-6	0.0003511739
2.6879999434e-6	0.0003291959
2.7039999431e-6	0.0003436575
2.7199999428e-6	0.0003345106
2.7359999424e-6	0.0002778112
2.7519999421e-6	0.0002315323
2.7679999418e-6	0.0002243364
2.7839999414e-6	0.0001248391
2.7999999411e-6	9.675346e-5
2.8159999408e-6	5.406733e-5
2.8319999404e-6	-1.885522e-5
2.8479999401e-6	-2.357312e-5
2.8639999397e-6	-8.306195e-5
2.8799999394e-6	-0.000124941
2.8959999391e-6	-9.028221e-5
2.9119999387e-6	-8.736294e-5
2.9279999384e-6	-0.0001595677
2.9439999381e-6	-0.0002480596
2.9599999377e-6	-0.0002668782
2.9759999374e-6	-0.0003026166
2.991999937e-6	-0.0003730624
3.0079999367e-6	-0.0004273375
3.0239999364e-6	-0.000416609
3.039999936e-6	-0.0003582787
3.0559999357e-6	-0.0002847754
3.0719999354e-6	-0.0003033535
3.087999935e-6	-0.0002841376
3.1039999347e-6	-0.0003328835
3.1199999344e-6	-0.0003180696
3.135999934e-6	-0.0003478122
3.1519999337e-6	-0.0003774759
3.1679999333e-6	-0.0003955953
3.183999933e-6	-0.000308999
3.1999999327e-6	-0.0002470654
3.2159999323e-6	-0.0002466089
3.231999932e-6	-0.0002222496
3.2479999317e-6	-0.0001964088
3.2639999313e-6	-0.000251903
3.279999931e-6	-0.0003275337
3.2959999307e-6	-0.0003656754
3.3119999303e-6	-0.0003273781
3.32799993e-6	-0.0003213651
3.3439999296e-6	-0.0001953178
3.3599999293e-6	-0.0002660283
3.375999929e-6	-0.0002514613
3.3919999286e-6	-0.0002465164
3.4079999283e-6	-0.0002349163
3.423999928e-6	-0.0001909054
3.4399999276e-6	-8.639669e-5
3.4559999273e-6	6.076759e-5
3.4719999269e-6	0.0001458203
3.4879999266e-6	0.0002433404
3.5039999263e-6	0.0003909648
3.5199999259e-6	0.0005365507
3.5359999256e-6	0.0006413049
3.5519999253e-6	0.0007686915
3.5679999249e-6	0.0008801208
3.5839999246e-6	0.0009792361
3.5999999243e-6	0.001001218
3.6159999239e-6	0.001025377
3.6319999236e-6	0.001029314
3.6479999232e-6	0.001077475
3.6639999229e-6	0.001017609
3.6799999226e-6	0.0008887068
3.6959999222e-6	0.0007770291
3.7119999219e-6	0.0006892133
3.7279999216e-6	0.0005505905
3.7439999212e-6	0.0003107344
3.7599999209e-6	6.982463e-5
3.7759999206e-6	-9.28768e-5
3.7919999202e-6	-0.0003217159
3.8079999199e-6	-0.000464451
3.8239999195e-6	-0.0005905944
3.8399999192e-6	-0.0007298046
3.8559999189e-6	-0.0008629315
3.8719999185e-6	-0.0009350143
3.8879999182e-6	-0.000958476
3.9039999179e-6	-0.001028859
3.9199999175e-6	-0.001074403
3.9359999172e-6	-0.001031612
3.9519999168e-6	-0.0008796914
3.9679999165e-6	-0.0007459158
3.9839999162e-6	-0.000546369
3.9999999158e-6	-0.0003939015
4.0159999155e-6	-0.00021924
4.0319999152e-6	-2.113719e-5
4.0479999148e-6	0.000169514
4.0639999145e-6	0.0003807714
4.0799999142e-6	0.0005443435
4.0959999138e-6	0.0007342388
4.1119999135e-6	0.0008470153
4.1279999131e-6	0.0009504651
4.1439999128e-6	0.0009581981
4.1599999125e-6	0.0009331652
4.1759999121e-6	0.0008394507
4.1919999118e-6	0.0006699159
4.2079999115e-6	0.0005258749
4.2239999111e-6	0.0003278608
4.2399999108e-6	8.560064e-5
4.2559999105e-6	-0.0001534125
4.2719999101e-6	-0.0003391499
4.2879999098e-6	-0.0006288261
4.3039999094e-6	-0.000887119
4.3199999091e-6	-0.001173937
4.3359999088e-6	-0.00139524
4.3519999084e-6	-0.001515092
4.3679999081e-6	-0.001568123
4.3839999078e-6	-0.001588325
4.3999999074e-6	-0.001573936
4.4159999071e-6	-0.001485028
4.4319999067e-6	-0.00136795
4.4479999064e-6	-0.001157416
4.4639999061e-6	-0.0008730904
4.4799999057e-6	-0.0006113165
4.4959999054e-6	-0.0002661957
4.5119999051e-6	3.86745e-5
4.5279999047e-6	0.0004116959
4.5439999044e-6	0.0007328519
4.5599999041e-6	0.001071622
4.5759999037e-6	0.001398033
4.5919999034e-6	0.001629744
4.607999903e-6	0.001789404
4.6239999027e-6	0.001876388
4.6399999024e-6	0.001934492
4.655999902e-6	0.001941657
4.6719999017e-6	0.001826602
4.6879999014e-6	0.001565814
4.703999901e-6	0.001241983
4.7199999007e-6	0.0008588277
4.7359999004e-6	0.0005251039
4.7519999e-6	9.185891e-5
4.7679998997e-6	-0.0003035377
4.7839998993e-6	-0.0005745668
4.799999899e-6	-0.0008911486
4.8159998987e-6	-0.001153353
4.8319998983e-6	-0.001338356
4.847999898e-6	-0.001475406
4.8639998977e-6	-0.001451958
4.8799998973e-6	-0.001391135
4.895999897e-6	-0.001256983
4.9119998966e-6	-0.001033987
4.9279998963e-6	-0.0007953538
4.943999896e-6	-0.0005305337
4.9599998956e-6	-0.0002071919
4.9759998953e-6	6.586978e-5
4.991999895e-6	0.0003945539
5.0079998946e-6	0.0007070575
5.0239998943e-6	0.000948376
5.039999894e-6	0.001144884
5.0559998936e-6	0.001309427
5.0719998933e-6	0.001459859
5.0879998929e-6	0.001505502
5.1039998926e-6	0.001490655
5.1199998923e-6	0.001467162
5.1359998919e-6	0.001382098
5.1519998916e-6	0.001241916
5.1679998913e-6	0.0009635291
5.1839998909e-6	0.0007109472
5.1999998906e-6	0.0004300658
5.2159998903e-6	0.0001005513
5.2319998899e-6	-0.0001752953
5.2479998896e-6	-0.0004605102
5.2639998892e-6	-0.0007200409
5.2799998889e-6	-0.0009650222
5.2959998886e-6	-0.001091692
5.3119998882e-6	-0.001231886
5.3279998879e-6	-0.001367631
5.3439998876e-6	-0.001412559
5.3599998872e-6	-0.001438268
5.3759998869e-6	-0.00144665
5.3919998866e-6	-0.001305238
5.4079998862e-6	-0.001107008
5.4239998859e-6	-0.000909712
5.4399998855e-6	-0.0006986797
5.4559998852e-6	-0.0004705284
5.4719998849e-6	-0.0002512157
5.4879998845e-6	-0.0001133941
5.5039998842e-6	7.444363e-5
5.5199998839e-6	0.0002522621
5.5359998835e-6	0.0004119136
5.5519998832e-6	0.0005030597
5.5679998828e-6	0.000519032
5.5839998825e-6	0.0005833819
5.5999998822e-6	0.0005839958
5.6159998818e-6	0.0005334039
5.6319998815e-6	0.0003907682
5.6479998812e-6	0.000272298
5.6639998808e-6	0.0002023221
5.6799998805e-6	0.0001464211
5.6959998802e-6	0.000134229
5.7119998798e-6	-2.657889e-5
5.7279998795e-6	-0.000157629
5.7439998791e-6	-0.0002989103
5.7599998788e-6	-0.0002824521
5.7759998785e-6	-0.000339516
5.7919998781e-6	-0.0004461722
5.8079998778e-6	-0.0003865253
5.8239998775e-6	-0.0004203405
5.8399998771e-6	-0.0004036744
5.8559998768e-6	-0.0002978455
5.8719998765e-6	-0.0002962785
5.8879998761e-6	-0.0002771161
5.9039998758e-6	-0.0002060317
5.9199998754e-6	-6.906534e-5
5.9359998751e-6	3.582489e-5
5.9519998748e-6	0.0001214197
5.9679998744e-6	0.0002894004
5.9839998741e-6	0.000341277
5.9999998738e-6	0.000339124
6.0159998734e-6	0.0004281549
6.0319998731e-6	0.0005388417
6.0479998727e-6	0.0005960339
6.0639998724e-6	0.0006138096
6.0799998721e-6	0.0006551408
6.0959998717e-6	0.0006920468
6.1119998714e-6	0.0006715595
6.1279998711e-6	0.0006250794
6.1439998707e-6	0.0005749976
6.1599998704e-6	0.0004776879
6.1759998701e-6	0.0004028372
6.1919998697e-6	0.0003365463
6.2079998694e-6	0.0002699357
6.223999869e-6	0.000229435
6.2399998687e-6	0.0001411296
6.2559998684e-6	0.0001343623
6.271999868e-6	5.913439e-5
6.2879998677e-6	4.432702e-6
6.3039998674e-6	-7.574106e-5
6.319999867e-6	-0.000117308
6.3359998667e-6	-0.0001708871
6.3519998664e-6	-0.0001951294
6.367999866e-6	-0.0001436562
6.3839998657e-6	-0.0001491524
6.3999998653e-6	-0.0002095024
6.415999865e-6	-0.0001858947
6.4319998647e-6	-0.0002027985
6.4479998643e-6	-0.0002211281
6.463999864e-6	-0.0001860831
6.4799998637e-6	-0.0001317528
6.4959998633e-6	-0.0001217423
6.511999863e-6	-5.793739e-5
6.5279998626e-6	2.454695e-5
6.5439998623e-6	6.555091e-5
6.559999862e-6	8.049609e-5
6.5759998616e-6	0.0001115296
6.5919998613e-6	5.414879e-5
6.607999861e-6	5.808167e-5
6.6239998606e-6	-2.376158e-5
6.6399998603e-6	2.32857e-5
6.65599986e-6	-6.936396e-5
6.6719998596e-6	-0.0001517855
6.6879998593e-6	-0.0002036979
6.7039998589e-6	-0.0002732003
6.7199998586e-6	-0.0003236797
6.7359998583e-6	-0.0003852972
6.7519998579e-6	-0.0004658095
6.7679998576e-6	-0.0005188527
6.7839998573e-6	-0.0004673427
6.7999998569e-6	-0.0004782896
6.8159998566e-6	-0.0004411454
6.8319998563e-6	-0.0004071702
6.8479998559e-6	-0.0004227887
6.8639998556e-6	-0.000377532
6.8799998552e-6	-0.0003585482
6.8959998549e-6	-0.0002650858
6.9119998546e-6	-0.0001929648
6.9279998542e-6	-0.0002098516
6.9439998539e-6	-0.0001580929
6.9599998536e-6	-0.0001156646
6.9759998532e-6	-6.678216e-5
6.9919998529e-6	-9.090092e-5
7.0079998525e-6	-0.0001036482
7.0239998522e-6	-7.986318e-5
7.0399998519e-6	-0.0001024941
7.0559998515e-6	-0.000141966
7.0719998512e-6	-0.0001389874
7.0879998509e-6	-0.000116561
7.1039998505e-6	-4.591255e-5
7.1199998502e-6	-3.872112e-5
7.1359998499e-6	-6.229347e-5
7.1519998495e-6	4.273707e-6
7.1679998492e-6	1.571671e-5
7.1839998488e-6	6.700171e-6
7.1999998485e-6	9.427703e-5
7.2159998482e-6	9.213111e-5
7.2319998478e-6	0.0001373917
7.2479998475e-6	0.0001563292
7.2639998472e-6	0.0001910813
7.2799998468e-6	0.0001952655
7.2959998465e-6	0.0001981138
7.3119998462e-6	0.0002178305
7.3279998458e-6	0.0001951306
7.3439998455e-6	0.0002106532
7.3599998451e-6	0.0001729167
7.3759998448e-6	0.0001975855
7.3919998445e-6	0.0001665937
7.4079998441e-6	0.000204872
7.4239998438e-6	0.0002460374
7.4399998435e-6	0.000264873
7.4559998431e-6	0.000267661
7.4719998428e-6	0.0002463414
7.4879998424e-6	0.0002590357
7.5039998421e-6	0.0002678086
7.5199998418e-6	0.0003307331
7.5359998414e-6	0.000408735
7.5519998411e-6	0.000493811
7.5679998408e-6	0.000479878
7.5839998404e-6	0.0005151065
7.5999998401e-6	0.0005475314
7.6159998398e-6	0.0006107872
7.6319998394e-6	0.0006515515
7.6479998391e-6	0.0007119866
7.6639998387e-6	0.0007361596
7.6799998384e-6	0.0007816991
7.6959998381e-6	0.0007869923
7.7119998377e-6	0.000796721
7.7279998374e-6	0.0007122344
7.7439998371e-6	0.0005735271
7.7599998367e-6	0.0005638924
7.7759998364e-6	0.0004715134
7.7919998361e-6	0.000412675
7.8079998357e-6	0.0002772093
7.8239998354e-6	0.0001849281
7.839999835e-6	5.164273e-6
7.8559998347e-6	-0.0002349072
7.8719998344e-6	-0.0003494703
7.887999834e-6	-0.0005059276
7.9039998337e-6	-0.0006362787
7.9199998334e-6	-0.0007506345
7.935999833e-6	-0.0007458247
7.9519998327e-6	-0.0008199524
7.9679998324e-6	-0.0007768363
7.983999832e-6	-0.0008262764
7.9999998317e-6	-0.0008508309
8.0159998313e-6	-0.0008472193
8.031999831e-6	-0.0007278354
8.0479998307e-6	-0.0006844194
8.0639998303e-6	-0.0006173702
8.07999983e-6	-0.0005760209
8.0959998297e-6	-0.0004494661
8.1119998293e-6	-0.0003208155
8.127999829e-6	-0.0002249235
8.1439998286e-6	-0.000161754
8.1599998283e-6	-0.0001681227
8.175999828e-6	-0.0001905018
8.1919998276e-6	-0.0001497251
8.2079998273e-6	-0.0001672124
8.223999827e-6	-0.000158519
8.2399998266e-6	-0.0001340135
8.2559998263e-6	-0.0002919312
8.271999826e-6	-0.000386605
8.2879998256e-6	-0.0004181101
8.3039998253e-6	-0.0005112991
8.3199998249e-6	-0.0005166355
8.3359998246e-6	-0.0005743842
8.3519998243e-6	-0.0005553481
8.3679998239e-6	-0.0005970458
8.3839998236e-6	-0.0005656439
8.3999998233e-6	-0.0006258407
8.4159998229e-6	-0.0005836928
8.4319998226e-6	-0.0006332078
8.4479998223e-6	-0.0005450278
8.4639998219e-6	-0.0004884157
8.4799998216e-6	-0.0004241122
8.4959998212e-6	-0.0002211529
8.5119998209e-6	-8.686299e-5
8.5279998206e-6	-2.83817e-5
8.5439998202e-6	5.403281e-5
8.5599998199e-6	0.0002547876
8.5759998196e-6	0.0004574677
8.5919998192e-6	0.0006312773
8.6079998189e-6	0.000802089
8.6239998185e-6	0.000893058
8.6399998182e-6	0.0009973582
8.6559998179e-6	0.001153735
8.6719998175e-6	0.001247872
8.6879998172e-6	0.001265706
8.7039998169e-6	0.001286557
8.7199998165e-6	0.001248482
8.7359998162e-6	0.001165515
8.7519998159e-6	0.001120766
8.7679998155e-6	0.0009982134
8.7839998152e-6	0.0008644643
8.7999998148e-6	0.0007276302
8.8159998145e-6	0.0006188013
8.8319998142e-6	0.0004697275
8.8479998138e-6	0.0004024334
8.8639998135e-6	0.0002973653
8.8799998132e-6	0.0002370169
8.8959998128e-6	0.0001256187
8.9119998125e-6	8.883608e-5
8.9279998122e-6	7.252076e-5
8.9439998118e-6	3.885981e-5
8.9599998115e-6	-6.902303e-7
8.9759998111e-6	-3.507215e-5
8.9919998108e-6	-4.641719e-5
9.0079998105e-6	-7.529073e-5
9.0239998101e-6	-9.425554e-5
9.0399998098e-6	-9.038363e-5
9.0559998095e-6	-0.0001279173
9.0719998091e-6	-0.0001955204
9.0879998088e-6	-0.0001772165
9.1039998084e-6	-0.00015398
9.1199998081e-6	-0.0001699505
9.1359998078e-6	-0.0001791066
9.1519998074e-6	-0.000258033
9.1679998071e-6	-0.000255905
9.1839998068e-6	-0.0003190971
9.1999998064e-6	-0.0003417653
9.2159998061e-6	-0.0002944716
9.2319998058e-6	-0.0002359291
9.2479998054e-6	-0.0002612021
9.2639998051e-6	-0.0003044429
9.2799998047e-6	-0.0003188447
9.2959998044e-6	-0.0003322829
9.3119998041e-6	-0.0003480775
9.3279998037e-6	-0.0003541424
9.3439998034e-6	-0.0003625908
9.3599998031e-6	-0.0003342789
9.3759998027e-6	-0.0002627064
9.3919998024e-6	-0.0002802034
9.4079998021e-6	-0.0003885432
9.4239998017e-6	-0.0003890126
9.4399998014e-6	-0.0003587778
9.455999801e-6	-0.0004385605
9.4719998007e-6	-0.0004558395
9.4879998004e-6	-0.0004191272
9.5039998e-6	-0.0004063161
9.5199997997e-6	-0.0004395166
9.5359997994e-6	-0.0004631209
9.551999799e-6	-0.0004377519
9.5679997987e-6	-0.0004555819
9.5839997983e-6	-0.0003907257
9.599999798e-6	-0.0004063303
9.6159997977e-6	-0.0003936752
9.6319997973e-6	-0.000356505
9.647999797e-6	-0.0002218594
9.6639997967e-6	-0.0001697319
9.6799997963e-6	-6.023491e-5
9.695999796e-6	6.546254e-6
9.7119997957e-6	0.0001502019
9.7279997953e-6	0.0002569424
9.743999795e-6	0.000300778
9.7599997946e-6	0.000375672
9.7759997943e-6	0.0003573189
9.791999794e-6	0.0004737151
9.8079997936e-6	0.0005491272
9.8239997933e-6	0.0005686673
9.839999793e-6	0.0006120072
9.8559997926e-6	0.0006350459
9.8719997923e-6	0.0006121724
9.887999792e-6	0.0005521383
9.9039997916e-6	0.0005066625
9.9199997913e-6	0.0004796592
9.9359997909e-6	0.0004179745
9.9519997906e-6	0.0004594245
9.9679997903e-6	0.0003573195
9.9839997899e-6	0.000230074
9.9999997896e-6	0.0001566877
1.0015999789e-5	9.808164e-5
1.0031999789e-5	-2.413237e-6
1.0047999789e-5	-6.986252e-5
1.0063999788e-5	-0.0001312121
1.0079999788e-5	-9.207631e-5
1.0095999788e-5	-0.0001063386
1.0111999787e-5	-0.0001095048
1.0127999787e-5	-0.0001464069
1.0143999787e-5	-0.0001896108
1.0159999786e-5	-0.0001182478
1.0175999786e-5	-8.328207e-5
1.0191999786e-5	-5.412155e-5
1.0207999785e-5	-1.357287e-5
1.0223999785e-5	2.7865e-5
1.0239999785e-5	0.0001172168
1.0255999784e-5	0.0001150309
1.0271999784e-5	9.46426e-5
1.0287999784e-5	0.000171525
1.0303999783e-5	0.000183527
1.0319999783e-5	0.0001704392
1.0335999783e-5	0.0001384298
1.0351999782e-5	0.0001716065
1.0367999782e-5	0.0001318796
1.0383999782e-5	0.0001507068
1.0399999781e-5	0.0001525156
1.0415999781e-5	9.232936e-5
1.0431999781e-5	5.112918e-5
1.044799978e-5	2.186447e-5
1.046399978e-5	-2.978481e-5
1.0479999779e-5	-8.640825e-5
1.0495999779e-5	-9.703868e-5
1.0511999779e-5	-0.0001316226
1.0527999778e-5	-0.0001780018
1.0543999778e-5	-0.0002212136
1.0559999778e-5	-0.0003019615
1.0575999777e-5	-0.0003452298
1.0591999777e-5	-0.0003809329
1.0607999777e-5	-0.0004063534
1.0623999776e-5	-0.0004114016
1.0639999776e-5	-0.0003616523
1.0655999776e-5	-0.0004161369
1.0671999775e-5	-0.0004168286
1.0687999775e-5	-0.0003308084
1.0703999775e-5	-0.0003145916
1.0719999774e-5	-0.0002700639
1.0735999774e-5	-0.0002703305
1.0751999774e-5	-0.0002298535
1.0767999773e-5	-9.937648e-5
1.0783999773e-5	-4.39001e-6
1.0799999773e-5	9.034781e-5
1.0815999772e-5	0.0001720877
1.0831999772e-5	0.0002074746
1.0847999772e-5	0.0002595249
1.0863999771e-5	0.0002318158
1.0879999771e-5	0.0002353218
1.0895999771e-5	0.0002728387
1.091199977e-5	0.0003101212
1.092799977e-5	0.0003111457
1.094399977e-5	0.0003403775
1.0959999769e-5	0.000338053
1.0975999769e-5	0.0003287232
1.0991999769e-5	0.0002797724
1.1007999768e-5	0.0002177481
1.1023999768e-5	0.0002064972
1.1039999768e-5	0.0001876071
1.1055999767e-5	8.050265e-5
1.1071999767e-5	-2.941116e-5
1.1087999767e-5	-5.300469e-5
1.1103999766e-5	-0.0001142219
1.1119999766e-5	-0.0001307762
1.1135999766e-5	-0.0002286092
1.1151999765e-5	-0.0003252948
1.1167999765e-5	-0.0003551984
1.1183999765e-5	-0.0003911606
1.1199999764e-5	-0.0003770732
1.1215999764e-5	-0.0003893987
1.1231999764e-5	-0.0003337802
1.1247999763e-5	-0.0002834294
1.1263999763e-5	-0.0002170069
1.1279999763e-5	-0.0001592915
1.1295999762e-5	-8.668358e-5
1.1311999762e-5	-5.02753e-5
1.1327999762e-5	8.945452e-6
1.1343999761e-5	8.7068e-5
1.1359999761e-5	0.0001814627
1.1375999761e-5	0.0002261634
1.139199976e-5	0.0002332596
1.140799976e-5	0.0002138185
1.142399976e-5	0.0002446804
1.1439999759e-5	0.0002795816
1.1455999759e-5	0.0002643852
1.1471999759e-5	0.0001718748
1.1487999758e-5	0.0001143069
1.1503999758e-5	2.152381e-5
1.1519999758e-5	-9.330219e-5
1.1535999757e-5	-0.0001371732
1.1551999757e-5	-0.0001322452
1.1567999757e-5	-0.0001781034
1.1583999756e-5	-0.0001754963
1.1599999756e-5	-0.0002421895
1.1615999756e-5	-0.0002110964
1.1631999755e-5	-0.0002595048
1.1647999755e-5	-0.0002975718
1.1663999755e-5	-0.0002860022
1.1679999754e-5	-0.0002292096
1.1695999754e-5	-5.487159e-5
1.1711999754e-5	4.019152e-5
1.1727999753e-5	9.104268e-5
1.1743999753e-5	9.655987e-5
1.1759999753e-5	0.0001845094
1.1775999752e-5	0.0002275669
1.1791999752e-5	0.000268342
1.1807999752e-5	0.0002754155
1.1823999751e-5	0.000369539
1.1839999751e-5	0.0004604828
1.1855999751e-5	0.0004772176
1.187199975e-5	0.000420954
1.188799975e-5	0.00031435
1.190399975e-5	0.0002542301
1.1919999749e-5	0.0002182742
1.1935999749e-5	0.0001525262
1.1951999749e-5	0.0001326299
1.1967999748e-5	5.305836e-5
1.1983999748e-5	8.965899e-5
1.1999999748e-5	1.400251e-5
1.2015999747e-5	-4.218573e-5
1.2031999747e-5	-7.532521e-5
1.2047999747e-5	-0.0001987418
1.2063999746e-5	-0.0002601182
1.2079999746e-5	-0.0003003048
1.2095999745e-5	-0.0002593718
1.2111999745e-5	-0.0002993169
1.2127999745e-5	-0.0003146084
1.2143999744e-5	-0.0003596529
1.2159999744e-5	-0.0003977485
1.2175999744e-5	-0.000375443
1.2191999743e-5	-0.0003383359
1.2207999743e-5	-0.0002427713
1.2223999743e-5	-0.0002058891
1.2239999742e-5	-0.0001707113
1.2255999742e-5	-0.0001043553
1.2271999742e-5	-6.389798e-5
1.2287999741e-5	-1.967368e-5
1.2303999741e-5	2.66193e-6
1.2319999741e-5	-1.360279e-5
1.233599974e-5	1.877492e-5
1.235199974e-5	5.386955e-5
1.236799974e-5	7.675281e-5
1.2383999739e-5	-2.177425e-5
1.2399999739e-5	1.70282e-5
1.2415999739e-5	-1.752012e-5
1.2431999738e-5	-2.90703e-5
1.2447999738e-5	3.703559e-6
1.2463999738e-5	-9.490131e-5
1.2479999737e-5	-0.0001003571
1.2495999737e-5	-0.0001044838
1.2511999737e-5	-4.430955e-5
1.2527999736e-5	-3.687734e-5
1.2543999736e-5	-6.930676e-5
1.2559999736e-5	-1.087826e-5
1.2575999735e-5	-5.680726e-5
1.2591999735e-5	-0.0001570233
1.2607999735e-5	-8.855983e-5
1.2623999734e-5	-7.39665e-5
1.2639999734e-5	-2.201169e-5
1.2655999734e-5	-8.641853e-6
1.2671999733e-5	2.346235e-5
1.2687999733e-5	-1.697346e-5
1.2703999733e-5	-3.355045e-5
1.2719999732e-5	-4.187175e-5
1.2735999732e-5	-6.175038e-5
1.2751999732e-5	-2.473307e-5
1.2767999731e-5	3.906264e-5
1.2783999731e-5	6.617539e-5
1.2799999731e-5	0.0001371207
1.281599973e-5	0.0001974796
1.283199973e-5	0.0002614524
1.284799973e-5	0.0003259924
1.2863999729e-5	0.0002933999
1.2879999729e-5	0.0003972024
1.2895999729e-5	0.0004058946
1.2911999728e-5	0.000393317
1.2927999728e-5	0.0003611715
1.2943999728e-5	0.0003619691
1.2959999727e-5	0.0003337327
1.2975999727e-5	0.0003690369
1.2991999727e-5	0.0003452729
1.3007999726e-5	0.0002357343
1.3023999726e-5	0.0002021335
1.3039999726e-5	0.0001315022
1.3055999725e-5	6.278286e-5
1.3071999725e-5	-3.17373e-5
1.3087999725e-5	-4.068521e-5
1.3103999724e-5	6.724905e-6
1.3119999724e-5	-1.082959e-5
1.3135999724e-5	-6.366783e-5
1.3151999723e-5	-9.194833e-5
1.3167999723e-5	-0.0001164299
1.3183999723e-5	-0.0001550856
1.3199999722e-5	-0.0002128312
1.3215999722e-5	-0.0002137144
1.3231999722e-5	-0.0002750316
1.3247999721e-5	-0.0002749944
1.3263999721e-5	-0.0002527178
1.3279999721e-5	-0.0002671213
1.329599972e-5	-0.0002967727
1.331199972e-5	-0.0003204525
1.332799972e-5	-0.0004023828
1.3343999719e-5	-0.0003855341
1.3359999719e-5	-0.0004241351
1.3375999719e-5	-0.0004263155
1.3391999718e-5	-0.0004375396
1.3407999718e-5	-0.0003915365
1.3423999718e-5	-0.00035555
1.3439999717e-5	-0.0003436644
1.3455999717e-5	-0.000274509
1.3471999717e-5	-0.0001941897
1.3487999716e-5	-0.0001733092
1.3503999716e-5	-0.0001866572
1.3519999716e-5	-0.0001243302
1.3535999715e-5	-2.614175e-5
1.3551999715e-5	-3.972609e-7
1.3567999715e-5	3.255266e-5
1.3583999714e-5	7.900645e-5
1.3599999714e-5	2.632174e-5
1.3615999714e-5	-2.074523e-6
1.3631999713e-5	3.267103e-5
1.3647999713e-5	4.938745e-5
1.3663999713e-5	5.417737e-5
1.3679999712e-5	4.525788e-5
1.3695999712e-5	4.236696e-5
1.3711999711e-5	5.834499e-5
1.3727999711e-5	0.0001090271
1.3743999711e-5	4.691849e-5
1.375999971e-5	-2.913142e-7
1.377599971e-5	-8.845771e-6
1.379199971e-5	-9.073237e-7
1.3807999709e-5	5.983874e-6
1.3823999709e-5	-2.422245e-5
1.3839999709e-5	2.98606e-5
1.3855999708e-5	7.729334e-5
1.3871999708e-5	0.0001134792
1.3887999708e-5	0.0001420632
1.3903999707e-5	0.0001312124
1.3919999707e-5	0.000191152
1.3935999707e-5	0.0002251211
1.3951999706e-5	0.0002598912
1.3967999706e-5	0.0002704733
1.3983999706e-5	0.0002683612
1.3999999705e-5	0.0003254618
1.4015999705e-5	0.0003562311
1.4031999705e-5	0.0003211905
1.4047999704e-5	0.000293074
1.4063999704e-5	0.0002377219
1.4079999704e-5	0.000186866
1.4095999703e-5	0.0002287542
1.4111999703e-5	0.0001086236
1.4127999703e-5	7.29247e-5
1.4143999702e-5	4.095253e-5
1.4159999702e-5	3.53424e-5
1.4175999702e-5	2.666126e-6
1.4191999701e-5	-3.476329e-5
1.4207999701e-5	-1.130537e-5
1.4223999701e-5	2.622237e-5
1.42399997e-5	7.682986e-6
1.42559997e-5	-7.817343e-6
1.42719997e-5	-0.0001155093
1.4287999699e-5	-0.0001610088
1.4303999699e-5	-0.0001164316
1.4319999699e-5	-9.821783e-5
1.4335999698e-5	-0.0001347856
1.4351999698e-5	-0.0001714635
1.4367999698e-5	-0.0001070135
1.4383999697e-5	-0.0001315965
1.4399999697e-5	-0.0001946998
1.4415999697e-5	-0.0002652733
1.4431999696e-5	-0.0002688941
1.4447999696e-5	-0.00027161
1.4463999696e-5	-0.0002157213
1.4479999695e-5	-0.00024741
1.4495999695e-5	-0.0002173593
1.4511999695e-5	-0.0001068514
1.4527999694e-5	-0.000188054
1.4543999694e-5	-0.000260418
1.4559999694e-5	-0.0002160138
1.4575999693e-5	-0.0001656277
1.4591999693e-5	-5.417966e-5
1.4607999693e-5	-4.815913e-5
1.4623999692e-5	-0.000104184
1.4639999692e-5	-9.912635e-5
1.4655999692e-5	-2.863889e-5
1.4671999691e-5	-4.521027e-5
1.4687999691e-5	-0.0001036193
1.4703999691e-5	-8.695334e-5
1.471999969e-5	1.875712e-5
1.473599969e-5	1.54081e-5
1.475199969e-5	1.015173e-5
1.4767999689e-5	-1.033265e-5
1.4783999689e-5	2.790027e-5
1.4799999689e-5	2.351595e-5
1.4815999688e-5	6.104978e-5
1.4831999688e-5	8.381172e-5
1.4847999688e-5	9.899378e-5
1.4863999687e-5	0.0001064862
1.4879999687e-5	7.690293e-5
1.4895999687e-5	0.0001072816
1.4911999686e-5	0.0001733306
1.4927999686e-5	0.000221241
1.4943999686e-5	0.0002204527
1.4959999685e-5	0.0001608805
1.4975999685e-5	0.0001638471
1.4991999685e-5	0.0001887456
1.5007999684e-5	0.000223688
1.5023999684e-5	0.0001399813
1.5039999684e-5	8.282549e-5
1.5055999683e-5	4.696381e-5
1.5071999683e-5	0.0001487677
1.5087999683e-5	0.0001256528
1.5103999682e-5	-3.169424e-5
1.5119999682e-5	-3.644179e-5
1.5135999682e-5	1.716213e-5
1.5151999681e-5	-2.428898e-5
1.5167999681e-5	3.936952e-5
1.5183999681e-5	-2.134628e-5
1.519999968e-5	-9.682884e-6
1.521599968e-5	-6.43163e-5
1.523199968e-5	-4.918848e-5
1.5247999679e-5	-2.97101e-6
1.5263999679e-5	1.275804e-5
1.5279999679e-5	4.833842e-6
1.5295999678e-5	-4.374744e-6
1.5311999678e-5	-2.534479e-6
1.5327999677e-5	-4.064793e-5
1.5343999677e-5	-5.727654e-5
1.5359999677e-5	-5.319552e-5
1.5375999676e-5	-9.662771e-5
1.5391999676e-5	-5.123917e-5
1.5407999676e-5	-0.0001040295
1.5423999675e-5	-0.0001534768
1.5439999675e-5	-0.0002163882
1.5455999675e-5	-0.0002659514
1.5471999674e-5	-0.0001949497
1.5487999674e-5	-0.0002407953
1.5503999674e-5	-0.0002128493
1.5519999673e-5	-0.0002319099
1.5535999673e-5	-0.0002298281
1.5551999673e-5	-0.0001872341
1.5567999672e-5	-0.0001448991
1.5583999672e-5	-0.0001604943
1.5599999672e-5	-0.0001090442
1.5615999671e-5	-2.429633e-5
1.5631999671e-5	3.407862e-5
1.5647999671e-5	8.248194e-5
1.566399967e-5	7.484099e-5
1.567999967e-5	0.0001233121
1.569599967e-5	0.0001385074
1.5711999669e-5	0.000163102
1.5727999669e-5	0.0001592719
1.5743999669e-5	0.0001816819
1.5759999668e-5	0.0002120519
1.5775999668e-5	0.000210664
1.5791999668e-5	0.0001365994
1.5807999667e-5	0.0001004206
1.5823999667e-5	6.943936e-5
1.5839999667e-5	8.324304e-5
1.5855999666e-5	6.137185e-5
1.5871999666e-5	3.519628e-5
1.5887999666e-5	0.0001246274
1.5903999665e-5	0.000104127
1.5919999665e-5	0.0001552279
1.5935999665e-5	0.0001223713
1.5951999664e-5	0.000113728
1.5967999664e-5	9.255708e-5
1.5983999664e-5	0.0001870721
1.5999999663e-5	0.0002155472
1.6015999663e-5	0.0002231007
1.6031999663e-5	0.0002070463
1.6047999662e-5	0.0002579506
1.6063999662e-5	0.0002389843
1.6079999662e-5	0.0002860816
1.6095999661e-5	0.0002561107
1.6111999661e-5	0.0002427014
1.6127999661e-5	0.0002010953
1.614399966e-5	0.0001861625
1.615999966e-5	0.0001357086
1.617599966e-5	9.217618e-5
1.6191999659e-5	6.277711e-5
1.6207999659e-5	5.86784e-5
1.6223999659e-5	-2.968541e-5
1.6239999658e-5	-0.0001065778
1.6255999658e-5	-0.0001047933
1.6271999658e-5	-7.061363e-5
1.6287999657e-5	-9.538788e-5
1.6303999657e-5	-9.852805e-5
1.6319999657e-5	-0.0001413716
1.6335999656e-5	-0.0001653446
1.6351999656e-5	-0.000218773
1.6367999656e-5	-0.0001823714
1.6383999655e-5	-0.0001903773
1.6399999655e-5	-0.0001753314
1.6415999655e-5	-0.0001836256
1.6431999654e-5	-0.0001954435
1.6447999654e-5	-0.0001484587
1.6463999654e-5	-0.0001575063
1.6479999653e-5	-0.0001347847
1.6495999653e-5	-0.0001461649
1.6511999653e-5	-0.0001623314
1.6527999652e-5	-0.000159981
1.6543999652e-5	-0.0001041247
1.6559999652e-5	-0.0001380025
1.6575999651e-5	-0.0001254967
1.6591999651e-5	-0.0001205771
1.6607999651e-5	-0.0001239654
1.662399965e-5	-0.0001360142
1.663999965e-5	-0.0001343581
1.665599965e-5	-8.131674e-5
1.6671999649e-5	-0.0001276749
1.6687999649e-5	-0.0001656752
1.6703999649e-5	-0.0001753515
1.6719999648e-5	-0.0001471913
1.6735999648e-5	-0.0001040893
1.6751999648e-5	-6.579897e-5
1.6767999647e-5	-7.360055e-5
1.6783999647e-5	-6.440809e-6
1.6799999647e-5	7.105667e-5
1.6815999646e-5	6.476953e-5
1.6831999646e-5	0.0001398681
1.6847999646e-5	0.0001092422
1.6863999645e-5	0.0001575343
1.6879999645e-5	0.0001574951
1.6895999645e-5	0.0001989319
1.6911999644e-5	0.0002132937
1.6927999644e-5	0.0003198213
1.6943999643e-5	0.0002648884
1.6959999643e-5	0.0002890461
1.6975999643e-5	0.0002322857
1.6991999642e-5	0.0002067861
1.7007999642e-5	0.0002384019
1.7023999642e-5	0.0002007757
1.7039999641e-5	0.000159597
1.7055999641e-5	0.0001775073
1.7071999641e-5	9.783179e-5
1.708799964e-5	0.0001064137
1.710399964e-5	0.000169998
1.711999964e-5	0.0001401079
1.7135999639e-5	0.0001425491
1.7151999639e-5	0.0002096526
1.7167999639e-5	0.0001026765
1.7183999638e-5	0.0001279957
1.7199999638e-5	0.0001532291
1.7215999638e-5	0.0001901102
1.7231999637e-5	0.0001638378
1.7247999637e-5	0.0001644225
1.7263999637e-5	0.0001114874
1.7279999636e-5	0.0001092901
1.7295999636e-5	1.047555e-5
1.7311999636e-5	1.907896e-5
1.7327999635e-5	5.666145e-5
1.7343999635e-5	5.889744e-6
1.7359999635e-5	-8.125319e-5
1.7375999634e-5	-0.0001402822
1.7391999634e-5	-0.000198541
1.7407999634e-5	-0.0002420635
1.7423999633e-5	-0.0002189817
1.7439999633e-5	-0.0003089987
1.7455999633e-5	-0.0003515157
1.7471999632e-5	-0.0003040967
1.7487999632e-5	-0.0002384036
1.7503999632e-5	-0.000230819
1.7519999631e-5	-0.0002355156
1.7535999631e-5	-0.0002399848
1.7551999631e-5	-0.0002362372
1.756799963e-5	-0.0001824964
1.758399963e-5	-3.186603e-5
1.759999963e-5	-3.667791e-5
1.7615999629e-5	-1.621667e-5
1.7631999629e-5	3.770736e-5
1.7647999629e-5	2.084088e-5
1.7663999628e-5	5.853057e-5
1.7679999628e-5	1.437192e-5
1.7695999628e-5	-6.695317e-5
1.7711999627e-5	-8.443251e-5
1.7727999627e-5	-0.0001009287
1.7743999627e-5	-9.808809e-5
1.7759999626e-5	-0.0001129186
1.7775999626e-5	-0.0001696711
1.7791999626e-5	-0.0001003281
1.7807999625e-5	-0.0002026081
1.7823999625e-5	-0.0001676479
1.7839999625e-5	-8.819585e-5
1.7855999624e-5	-6.418687e-5
1.7871999624e-5	-8.140215e-5
1.7887999624e-5	-6.141598e-5
1.7903999623e-5	-3.703412e-5
1.7919999623e-5	3.730055e-6
1.7935999623e-5	6.326395e-5
1.7951999622e-5	0.0001014022
1.7967999622e-5	0.0002253963
1.7983999622e-5	0.0003022073
1.7999999621e-5	0.0003013196
1.8015999621e-5	0.0003763136
1.8031999621e-5	0.0003444044
1.804799962e-5	0.0003574077
1.806399962e-5	0.000404371
1.807999962e-5	0.0003783893
1.8095999619e-5	0.0003024946
1.8111999619e-5	0.0002236908
1.8127999619e-5	0.0002155825
1.8143999618e-5	0.0001842123
1.8159999618e-5	0.0001959621
1.8175999618e-5	0.0001152449
1.8191999617e-5	0.0001277764
1.8207999617e-5	5.269062e-5
1.8223999617e-5	5.529675e-5
1.8239999616e-5	4.518926e-5
1.8255999616e-5	-2.31593e-5
1.8271999616e-5	-7.536943e-6
1.8287999615e-5	5.878441e-6
1.8303999615e-5	-3.60382e-5
1.8319999615e-5	-7.193578e-5
1.8335999614e-5	-0.0001091933
1.8351999614e-5	-0.0001012898
1.8367999614e-5	-9.932581e-5
1.8383999613e-5	-5.191106e-5
1.8399999613e-5	-1.663136e-5
1.8415999613e-5	-1.014852e-5
1.8431999612e-5	2.565225e-5
1.8447999612e-5	-6.172864e-5
1.8463999612e-5	-6.615099e-5
1.8479999611e-5	-0.0001407783
1.8495999611e-5	-9.997435e-5
1.8511999611e-5	-0.0001342676
1.852799961e-5	-0.0002049765
1.854399961e-5	-0.0001355377
1.8559999609e-5	-0.0001772201
1.8575999609e-5	-0.0002737511
1.8591999609e-5	-0.0002538137
1.8607999608e-5	-0.0002525679
1.8623999608e-5	-0.0003032982
1.8639999608e-5	-0.0002731295
1.8655999607e-5	-0.000264245
1.8671999607e-5	-0.0002244561
1.8687999607e-5	-0.0002059389
1.8703999606e-5	-0.0001742768
1.8719999606e-5	-0.0001321141
1.8735999606e-5	-0.0001815316
1.8751999605e-5	-0.0001188087
1.8767999605e-5	-3.314148e-5
1.8783999605e-5	-9.409055e-6
1.8799999604e-5	1.522783e-5
1.8815999604e-5	1.70891e-5
1.8831999604e-5	6.798805e-5
1.8847999603e-5	-2.21818e-5
1.8863999603e-5	-3.025553e-5
1.8879999603e-5	-5.556265e-6
1.8895999602e-5	4.033856e-5
1.8911999602e-5	2.921431e-5
1.8927999602e-5	7.780573e-5
1.8943999601e-5	0.0001328147
1.8959999601e-5	0.0001864281
1.8975999601e-5	0.0001245121
1.89919996e-5	0.0001091678
1.90079996e-5	9.813033e-5
1.90239996e-5	6.246709e-5
1.9039999599e-5	8.390933e-5
1.9055999599e-5	0.0001549073
1.9071999599e-5	0.0001802158
1.9087999598e-5	0.0002080343
1.9103999598e-5	0.0002271515
1.9119999598e-5	0.0002230219
1.9135999597e-5	0.0001909184
1.9151999597e-5	0.0001857899
1.9167999597e-5	0.0002256455
1.9183999596e-5	0.0002359464
1.9199999596e-5	0.0002319143
1.9215999596e-5	0.000265048
1.9231999595e-5	0.0002767692
1.9247999595e-5	0.0002389469
1.9263999595e-5	0.0001690013
1.9279999594e-5	0.0001311513
1.9295999594e-5	8.20227e-5
1.9311999594e-5	6.010363e-5
1.9327999593e-5	5.245801e-5
1.9343999593e-5	6.101032e-5
1.9359999593e-5	8.758978e-6
1.9375999592e-5	6.876635e-6
1.9391999592e-5	-3.128468e-5
1.9407999592e-5	-5.744181e-6
1.9423999591e-5	2.914394e-5
1.9439999591e-5	-2.173603e-6
1.9455999591e-5	-5.037821e-5
1.947199959e-5	-0.0001108025
1.948799959e-5	-0.0001231937
1.950399959e-5	-0.0001162329
1.9519999589e-5	-0.0001260228
1.9535999589e-5	-0.0001742674
1.9551999589e-5	-0.0001311838
1.9567999588e-5	-0.000151018
1.9583999588e-5	-0.0002049302
1.9599999588e-5	-0.0001687443
1.9615999587e-5	-0.0001454998
1.9631999587e-5	-0.0001980816
1.9647999587e-5	-0.000228495
1.9663999586e-5	-0.0001768585
1.9679999586e-5	-0.0003057077
1.9695999586e-5	-0.0001857387
1.9711999585e-5	-0.0001064814
1.9727999585e-5	-7.965462e-5
1.9743999585e-5	-0.0001438483
1.9759999584e-5	-0.0001421924
1.9775999584e-5	-8.395743e-5
1.9791999584e-5	-8.47704e-5
1.9807999583e-5	-3.410534e-5
1.9823999583e-5	2.213823e-5
1.9839999583e-5	-9.660787e-6
1.9855999582e-5	4.22529e-5
1.9871999582e-5	6.651122e-5
1.9887999582e-5	1.28834e-5
1.9903999581e-5	2.216543e-5
1.9919999581e-5	-2.977848e-5
1.9935999581e-5	-2.877164e-5
1.995199958e-5	2.155412e-5
1.996799958e-5	0.0001111266
1.998399958e-5	0.0001678003
1.9999999579e-5	0.0001941982
2.0015999579e-5	0.0001643804
2.0031999579e-5	0.0001986571
2.0047999578e-5	0.0001775591
2.0063999578e-5	0.0001854299
2.0079999578e-5	0.0001511029
2.0095999577e-5	0.0001918166
2.0111999577e-5	0.0001647087
2.0127999576e-5	0.0001535255
2.0143999576e-5	0.0001915517
2.0159999576e-5	0.0002404501
2.0175999575e-5	0.0002545614
2.0191999575e-5	0.0002834367
2.0207999575e-5	0.0003186168
2.0223999574e-5	0.000235655
2.0239999574e-5	0.0001769542
2.0255999574e-5	0.0001355644
2.0271999573e-5	0.0001497265
2.0287999573e-5	0.0001240403
2.0303999573e-5	3.675249e-5
2.0319999572e-5	6.677924e-5
2.0335999572e-5	5.721825e-5
2.0351999572e-5	7.452696e-5
2.0367999571e-5	9.054859e-5
2.0383999571e-5	1.663366e-5
2.0399999571e-5	-1.077922e-5
2.041599957e-5	-6.284485e-5
2.043199957e-5	-8.266412e-5
2.044799957e-5	-7.826361e-5
2.0463999569e-5	-4.975725e-5
2.0479999569e-5	-7.815694e-5
2.0495999569e-5	-6.894008e-5
2.0511999568e-5	-6.898002e-5
2.0527999568e-5	-0.0001141867
2.0543999568e-5	-9.122863e-5
2.0559999567e-5	-0.0001384034
2.0575999567e-5	-0.0001404651
2.0591999567e-5	-0.0002094585
2.0607999566e-5	-0.0001708791
2.0623999566e-5	-0.0001367066
2.0639999566e-5	-0.0001585716
2.0655999565e-5	-0.0002057804
2.0671999565e-5	-0.0002761216
2.0687999565e-5	-0.0001962356
2.0703999564e-5	-0.0002042464
2.0719999564e-5	-0.0002206526
2.0735999564e-5	-0.0002247312
2.0751999563e-5	-0.0002215101
2.0767999563e-5	-0.0002582932
2.0783999563e-5	-0.0002526939
2.0799999562e-5	-0.0001870405
2.0815999562e-5	-0.0001949267
2.0831999562e-5	-0.0001096557
2.0847999561e-5	-5.467014e-5
2.0863999561e-5	-2.663193e-5
2.0879999561e-5	-1.227905e-7
2.089599956e-5	-3.53592e-7
2.091199956e-5	8.688594e-5
2.092799956e-5	6.61365e-5
2.0943999559e-5	9.807861e-5
2.0959999559e-5	9.229603e-5
2.0975999559e-5	9.093633e-5
2.0991999558e-5	0.000173479
2.1007999558e-5	0.0002122266
2.1023999558e-5	0.0002183104
2.1039999557e-5	0.0001274217
2.1055999557e-5	0.000102741
2.1071999557e-5	0.0001336427
2.1087999556e-5	0.0001567279
2.1103999556e-5	0.0002032235
2.1119999556e-5	0.0002018113
2.1135999555e-5	0.0001553444
2.1151999555e-5	0.0001146429
2.1167999555e-5	9.961602e-5
2.1183999554e-5	9.384995e-5
2.1199999554e-5	7.478327e-5
2.1215999554e-5	0.000126241
2.1231999553e-5	0.0001400672
2.1247999553e-5	0.0001847177
2.1263999553e-5	0.0002234934
2.1279999552e-5	0.0002296545
2.1295999552e-5	0.0001619982
2.1311999552e-5	0.0001272232
2.1327999551e-5	0.0001414113
2.1343999551e-5	0.0001176268
2.1359999551e-5	0.0001446911
2.137599955e-5	0.0001342181
2.139199955e-5	0.0001087687
2.140799955e-5	7.772326e-5
2.1423999549e-5	5.145028e-5
2.1439999549e-5	-7.404351e-5
2.1455999549e-5	-0.000128793
2.1471999548e-5	-0.000168481
2.1487999548e-5	-0.0002464586
2.1503999548e-5	-0.0001726973
2.1519999547e-5	-0.0001262998
2.1535999547e-5	-0.0001919223
2.1551999547e-5	-0.0002102467
2.1567999546e-5	-0.0002043381
2.1583999546e-5	-0.0002357399
2.1599999546e-5	-0.0002217699
2.1615999545e-5	-0.0002060362
2.1631999545e-5	-0.0002326587
2.1647999545e-5	-0.0002590583
2.1663999544e-5	-0.0001673686
2.1679999544e-5	-0.0001483257
2.1695999544e-5	-0.0001067864
2.1711999543e-5	-0.0001138275
2.1727999543e-5	-0.0001050928
2.1743999542e-5	-2.118916e-5
2.1759999542e-5	1.891474e-5
2.1775999542e-5	-1.575012e-5
2.1791999541e-5	7.001309e-5
2.1807999541e-5	3.445801e-6
2.1823999541e-5	2.811497e-5
2.183999954e-5	3.778499e-5
2.185599954e-5	-3.549642e-5
2.187199954e-5	-7.386172e-5
2.1887999539e-5	-9.897178e-5
2.1903999539e-5	-0.0001185661
2.1919999539e-5	-0.0001457416
2.1935999538e-5	-0.0001712402
2.1951999538e-5	-0.0002258281
2.1967999538e-5	-0.0001365719
2.1983999537e-5	-0.0001286478
2.1999999537e-5	-9.135156e-5
2.2015999537e-5	-7.576124e-5
2.2031999536e-5	-8.407487e-6
2.2047999536e-5	6.328039e-6
2.2063999536e-5	9.104583e-5
2.2079999535e-5	0.0001119914
2.2095999535e-5	0.0001279752
2.2111999535e-5	0.0001983193
2.2127999534e-5	0.0002485151
2.2143999534e-5	0.0002656304
2.2159999534e-5	0.0002689089
2.2175999533e-5	0.0002652733
2.2191999533e-5	0.0002814732
2.2207999533e-5	0.0002858161
2.2223999532e-5	0.0002388529
2.2239999532e-5	0.0002487586
2.2255999532e-5	0.0002165947
2.2271999531e-5	0.0001547177
2.2287999531e-5	0.0001321234
2.2303999531e-5	0.0001295432
2.231999953e-5	9.043004e-5
2.233599953e-5	5.282054e-5
2.235199953e-5	8.018797e-5
2.2367999529e-5	0.0001209799
2.2383999529e-5	0.0001302561
2.2399999529e-5	3.502068e-5
2.2415999528e-5	3.393118e-5
2.2431999528e-5	-4.52913e-5
2.2447999528e-5	6.986827e-6
2.2463999527e-5	-9.234564e-7
2.2479999527e-5	4.577359e-5
2.2495999527e-5	-1.995655e-5
2.2511999526e-5	6.181545e-6
2.2527999526e-5	-6.490192e-5
2.2543999526e-5	-0.0001329773
2.2559999525e-5	-0.0001888446
2.2575999525e-5	-0.0001590339
2.2591999525e-5	-0.0001504923
2.2607999524e-5	-0.0001818874
2.2623999524e-5	-0.000214574
2.2639999524e-5	-0.0002565883
2.2655999523e-5	-0.0002343794
2.2671999523e-5	-0.0002118983
2.2687999523e-5	-0.000218997
2.2703999522e-5	-0.0001740473
2.2719999522e-5	-0.0001332478
2.2735999522e-5	-4.828902e-5
2.2751999521e-5	-4.633959e-5
2.2767999521e-5	-6.037433e-5
2.2783999521e-5	-3.006963e-5
2.279999952e-5	-2.052763e-5
2.281599952e-5	-1.615711e-5
2.283199952e-5	1.706052e-5
2.2847999519e-5	6.241255e-5
2.2863999519e-5	4.213203e-5
2.2879999519e-5	3.126876e-5
2.2895999518e-5	-2.940027e-5
2.2911999518e-5	-5.62053e-5
2.2927999518e-5	-9.870382e-5
2.2943999517e-5	-0.0001399956
2.2959999517e-5	-0.0001362284
2.2975999517e-5	-0.0001004068
2.2991999516e-5	-8.288549e-5
2.3007999516e-5	-4.8049e-5
2.3023999516e-5	-4.577342e-5
2.3039999515e-5	-1.990294e-5
2.3055999515e-5	-7.865834e-6
2.3071999515e-5	1.144685e-5
2.3087999514e-5	9.694892e-5
2.3103999514e-5	0.0001085686
2.3119999514e-5	0.0001339889
2.3135999513e-5	0.0001526139
2.3151999513e-5	0.0002098353
2.3167999513e-5	0.0001727991
2.3183999512e-5	0.0001138156
2.3199999512e-5	0.0001041295
2.3215999512e-5	8.902581e-5
2.3231999511e-5	1.272779e-5
2.3247999511e-5	7.11352e-6
2.3263999511e-5	3.016574e-5
2.327999951e-5	5.251832e-6
2.329599951e-5	-5.533544e-6
2.331199951e-5	-5.0626e-5
2.3327999509e-5	-3.723783e-5
2.3343999509e-5	7.204159e-6
2.3359999508e-5	-2.568211e-5
2.3375999508e-5	9.345852e-7
2.3391999508e-5	5.207286e-5
2.3407999507e-5	9.599187e-5
2.3423999507e-5	0.000115742
2.3439999507e-5	9.666156e-5
2.3455999506e-5	0.0001547742
2.3471999506e-5	0.000172655
2.3487999506e-5	0.000168487
2.3503999505e-5	0.0001728206
2.3519999505e-5	0.0002591611
2.3535999505e-5	0.0001950797
2.3551999504e-5	0.0002234769
2.3567999504e-5	0.0001818883
2.3583999504e-5	0.0001812112
2.3599999503e-5	8.992197e-5
2.3615999503e-5	8.48701e-5
2.3631999503e-5	2.382655e-5
2.3647999502e-5	-2.30601e-5
2.3663999502e-5	-9.305149e-5
2.3679999502e-5	-8.103508e-5
2.3695999501e-5	-0.0001579419
2.3711999501e-5	-0.000194304
2.3727999501e-5	-0.0001793906
2.37439995e-5	-0.0001918493
2.37599995e-5	-0.0001901407
2.37759995e-5	-0.0002177753
2.3791999499e-5	-0.0002782916
2.3807999499e-5	-0.0002464063
2.3823999499e-5	-0.0002551623
2.3839999498e-5	-0.0002245388
2.3855999498e-5	-0.000239373
2.3871999498e-5	-0.0002196961
2.3887999497e-5	-0.0001685596
2.3903999497e-5	-0.0001512117
2.3919999497e-5	-0.0001669812
2.3935999496e-5	-0.0001144332
2.3951999496e-5	-0.000175456
2.3967999496e-5	-0.0001517642
2.3983999495e-5	-0.0001591028
2.3999999495e-5	-0.0001706377
2.4015999495e-5	-0.0001396703
2.4031999494e-5	-0.0001147387
2.4047999494e-5	-3.985289e-6
2.4063999494e-5	4.505814e-5
2.4079999493e-5	5.513563e-5
2.4095999493e-5	3.370478e-5
2.4111999493e-5	6.453213e-5
2.4127999492e-5	5.896528e-5
2.4143999492e-5	0.0001024752
2.4159999492e-5	0.0001403513
2.4175999491e-5	0.0001617676
2.4191999491e-5	0.0002614604
2.4207999491e-5	0.0002760451
2.422399949e-5	0.0002282448
2.423999949e-5	0.00025969
2.425599949e-5	0.0002365952
2.4271999489e-5	0.0001930237
2.4287999489e-5	0.0001884207
2.4303999489e-5	0.0001369719
2.4319999488e-5	0.0001522461
2.4335999488e-5	0.000152271
2.4351999488e-5	0.0001688745
2.4367999487e-5	0.0001290653
2.4383999487e-5	4.020975e-5
2.4399999487e-5	2.127493e-5
2.4415999486e-5	-0.0001010098
2.4431999486e-5	-9.669375e-5
2.4447999486e-5	-9.06643e-5
2.4463999485e-5	-4.969716e-5
2.4479999485e-5	-3.718272e-5
2.4495999485e-5	6.120712e-5
2.4511999484e-5	2.579354e-5
2.4527999484e-5	8.227646e-5
2.4543999484e-5	5.138974e-5
2.4559999483e-5	7.397775e-5
2.4575999483e-5	0.0001090172
2.4591999483e-5	0.0001165453
2.4607999482e-5	0.0001152024
2.4623999482e-5	5.821349e-5
2.4639999482e-5	7.449664e-5
2.4655999481e-5	3.086324e-5
2.4671999481e-5	-1.653328e-5
2.4687999481e-5	-3.200283e-5
2.470399948e-5	-0.0001019457
2.471999948e-5	-0.0001054494
2.473599948e-5	-0.0001918849
2.4751999479e-5	-0.0001842697
2.4767999479e-5	-0.0002192475
2.4783999479e-5	-0.0002165303
2.4799999478e-5	-0.0003368062
2.4815999478e-5	-0.000363583
2.4831999478e-5	-0.0003224117
2.4847999477e-5	-0.000373542
2.4863999477e-5	-0.0004015452
2.4879999477e-5	-0.0003217732
2.4895999476e-5	-0.0003050605
2.4911999476e-5	-0.0002417913
2.4927999476e-5	-0.0001986667
2.4943999475e-5	-0.0002352085
2.4959999475e-5	-0.0001307378
2.4975999474e-5	-0.0001099269
2.4991999474e-5	-5.77236e-5
2.5007999474e-5	-4.719877e-5
2.5023999473e-5	1.742853e-5
2.5039999473e-5	3.093687e-5
2.5055999473e-5	0.000103788
2.5071999472e-5	0.0002198686
2.5087999472e-5	0.0002532973
2.5103999472e-5	0.0002044994
2.5119999471e-5	0.0002758762
2.5135999471e-5	0.0002213286
2.5151999471e-5	0.0001859187
2.516799947e-5	0.0001439436
2.518399947e-5	0.000122766
2.519999947e-5	5.112527e-5
2.5215999469e-5	0.0001107506
2.5231999469e-5	0.0001617316
2.5247999469e-5	9.64277e-5
2.5263999468e-5	6.068943e-5
2.5279999468e-5	6.475842e-5
2.5295999468e-5	-3.271387e-5
2.5311999467e-5	-5.08258e-5
2.5327999467e-5	-8.696179e-5
2.5343999467e-5	-9.83133e-5
2.5359999466e-5	-4.568733e-5
2.5375999466e-5	-8.290704e-7
2.5391999466e-5	-6.530041e-6
2.5407999465e-5	0.000136555
2.5423999465e-5	0.0001331883
2.5439999465e-5	0.0001534871
2.5455999464e-5	0.0001781901
2.5471999464e-5	0.0001349064
2.5487999464e-5	5.604391e-5
2.5503999463e-5	5.446831e-5
2.5519999463e-5	6.423769e-5
2.5535999463e-5	0.0002126772
2.5551999462e-5	0.0003353058
2.5567999462e-5	0.0002912038
2.5583999462e-5	0.0001806301
2.5599999461e-5	0.000122892
2.5615999461e-5	0.0001311877
2.5631999461e-5	7.07112e-5
2.564799946e-5	-1.307689e-5
2.566399946e-5	-0.0001073462
2.567999946e-5	-0.000111983
2.5695999459e-5	-0.0001282032
2.5711999459e-5	-0.0001192125
2.5727999459e-5	-8.256393e-5
2.5743999458e-5	-2.920308e-5
2.5759999458e-5	-8.000886e-5
2.5775999458e-5	-7.219854e-5
2.5791999457e-5	-0.0001150072
2.5807999457e-5	-0.0001263395
2.5823999457e-5	-0.0001069964
2.5839999456e-5	-0.0001507322
2.5855999456e-5	-0.0001233657
2.5871999456e-5	-0.0001295438
2.5887999455e-5	-0.0001677335
2.5903999455e-5	-0.0001810298
2.5919999455e-5	-0.0001745674
2.5935999454e-5	-0.0001366817
2.5951999454e-5	-0.0001538733
2.5967999454e-5	-0.0001731128
2.5983999453e-5	-0.0001597591
2.5999999453e-5	-8.449965e-5
2.6015999453e-5	-5.12844e-5
2.6031999452e-5	3.268178e-5
2.6047999452e-5	2.87035e-5
2.6063999452e-5	9.235098e-5
2.6079999451e-5	0.0001669748
2.6095999451e-5	0.0001911239
2.6111999451e-5	0.0001716173
2.612799945e-5	0.0001074313
2.614399945e-5	9.913601e-5
2.615999945e-5	6.503431e-5
2.6175999449e-5	0.0001079752
2.6191999449e-5	0.0001234187
2.6207999449e-5	5.138309e-5
2.6223999448e-5	6.666475e-5
2.6239999448e-5	-1.696947e-6
2.6255999448e-5	-7.160294e-5
2.6271999447e-5	-9.184801e-5
2.6287999447e-5	4.477952e-5
2.6303999447e-5	-4.630091e-5
2.6319999446e-5	-1.520111e-5
2.6335999446e-5	7.192489e-5
2.6351999446e-5	6.508495e-5
2.6367999445e-5	5.989861e-5
2.6383999445e-5	9.703434e-5
2.6399999445e-5	0.0001453168
2.6415999444e-5	0.0002031524
2.6431999444e-5	0.0002283746
2.6447999444e-5	0.0001698882
2.6463999443e-5	0.0001653429
2.6479999443e-5	0.0001180206
2.6495999443e-5	0.0001201363
2.6511999442e-5	0.0001499618
2.6527999442e-5	0.0001705776
2.6543999442e-5	0.0001614952
2.6559999441e-5	0.0001181011
2.6575999441e-5	6.598707e-5
2.659199944e-5	7.644415e-5
2.660799944e-5	3.71324e-5
2.662399944e-5	4.840583e-5
2.6639999439e-5	3.134445e-5
2.6655999439e-5	3.825764e-5
2.6671999439e-5	4.914663e-5
2.6687999438e-5	-7.65687e-5
2.6703999438e-5	-6.033974e-5
2.6719999438e-5	-8.434958e-5
2.6735999437e-5	-0.0001349801
2.6751999437e-5	-0.0002036028
2.6767999437e-5	-0.0002627
2.6783999436e-5	-0.0002385186
2.6799999436e-5	-0.0002845208
2.6815999436e-5	-0.0002288345
2.6831999435e-5	-0.0002855261
2.6847999435e-5	-0.0003016349
2.6863999435e-5	-0.0002187752
2.6879999434e-5	-0.0001505189
2.6895999434e-5	-0.0001002232
2.6911999434e-5	-2.59328e-5
2.6927999433e-5	-3.361988e-5
2.6943999433e-5	9.671434e-6
2.6959999433e-5	7.309016e-5
2.6975999432e-5	3.625655e-5
2.6991999432e-5	0.0001013271
2.7007999432e-5	4.87129e-5
2.7023999431e-5	-3.950882e-5
2.7039999431e-5	-7.49124e-5
2.7055999431e-5	-9.943788e-5
2.707199943e-5	-0.0001110954
2.708799943e-5	-0.0001430497
2.710399943e-5	-0.0002298371
2.7119999429e-5	-0.0002523072
2.7135999429e-5	-0.0003094603
2.7151999429e-5	-0.0002064624
2.7167999428e-5	-0.0002624689
2.7183999428e-5	-0.0003020556
2.7199999428e-5	-0.0002197104
2.7215999427e-5	-0.0001466658
2.7231999427e-5	-5.785945e-5
2.7247999427e-5	-2.505568e-5
2.7263999426e-5	5.274699e-5
2.7279999426e-5	4.540996e-5
2.7295999426e-5	8.885244e-5
2.7311999425e-5	0.0001620532
2.7327999425e-5	0.0002028731
2.7343999425e-5	0.0002971941
2.7359999424e-5	0.0003215121
2.7375999424e-5	0.0004015309
2.7391999424e-5	0.0003335876
2.7407999423e-5	0.0003290485
2.7423999423e-5	0.0003060633
2.7439999423e-5	0.0002422192
2.7455999422e-5	0.0002631955
2.7471999422e-5	0.0002270556
2.7487999422e-5	0.0002191606
2.7503999421e-5	0.0002407486
2.7519999421e-5	0.0001717324
2.7535999421e-5	0.0002650303
2.755199942e-5	0.0002071714
2.756799942e-5	0.0001416732
2.758399942e-5	9.406535e-5
2.7599999419e-5	0.000139471
2.7615999419e-5	0.0001576502
2.7631999419e-5	5.631272e-5
2.7647999418e-5	4.800867e-5
2.7663999418e-5	5.316017e-5
2.7679999418e-5	5.520496e-5
2.7695999417e-5	-1.62359e-5
2.7711999417e-5	-9.523029e-5
2.7727999417e-5	-0.0001487645
2.7743999416e-5	-0.0001553725
2.7759999416e-5	-0.0001812131
2.7775999416e-5	-0.0002221815
2.7791999415e-5	-0.0002372681
2.7807999415e-5	-0.0002238074
2.7823999415e-5	-0.0002218607
2.7839999414e-5	-0.0001754857
2.7855999414e-5	-0.0001785664
2.7871999414e-5	-0.000197874
2.7887999413e-5	-0.0001581208
2.7903999413e-5	-0.0001629476
2.7919999413e-5	-0.0002088408
2.7935999412e-5	-0.0001654922
2.7951999412e-5	-0.0001100083
2.7967999412e-5	-0.0001088142
2.7983999411e-5	-0.0001178644
2.7999999411e-5	-0.0001396957
2.8015999411e-5	-0.0001156118
2.803199941e-5	-7.288108e-5
2.804799941e-5	-4.428244e-5
2.806399941e-5	-4.038653e-5
2.8079999409e-5	-4.120189e-5
2.8095999409e-5	-3.82136e-5
2.8111999409e-5	-2.082872e-5
2.8127999408e-5	2.275192e-7
2.8143999408e-5	4.482928e-5
2.8159999408e-5	0.0001555987
2.8175999407e-5	7.475849e-5
2.8191999407e-5	7.351867e-5
2.8207999406e-5	9.798493e-5
2.8223999406e-5	1.916331e-5
2.8239999406e-5	-2.635275e-5
2.8255999405e-5	2.318e-5
2.8271999405e-5	2.120814e-5
2.8287999405e-5	4.64612e-5
2.8303999404e-5	2.722513e-5
2.8319999404e-5	-3.024628e-6
2.8335999404e-5	1.507572e-5
2.8351999403e-5	2.772555e-5
2.8367999403e-5	-1.077548e-5
2.8383999403e-5	2.806618e-5
2.8399999402e-5	5.415437e-5
2.8415999402e-5	5.45378e-6
2.8431999402e-5	8.231176e-5
2.8447999401e-5	6.138534e-5
2.8463999401e-5	0.0001000348
2.8479999401e-5	0.0001073573
2.84959994e-5	8.440728e-5
2.85119994e-5	0.0001117452
2.85279994e-5	0.0001501349
2.8543999399e-5	0.0001365253
2.8559999399e-5	0.0001372093
2.8575999399e-5	9.488751e-5
2.8591999398e-5	6.273681e-5
2.8607999398e-5	1.559495e-5
2.8623999398e-5	7.550278e-6
2.8639999397e-5	-5.129484e-5
2.8655999397e-5	-2.421455e-6
2.8671999397e-5	-2.012957e-6
2.8687999396e-5	-2.432514e-5
2.8703999396e-5	7.800749e-6
2.8719999396e-5	1.861031e-5
2.8735999395e-5	3.883662e-5
2.8751999395e-5	3.384606e-6
2.8767999395e-5	-8.737695e-5
2.8783999394e-5	-4.476008e-5
2.8799999394e-5	-2.884049e-5
2.8815999394e-5	-3.607375e-5
2.8831999393e-5	-5.569925e-5
2.8847999393e-5	-8.247962e-5
2.8863999393e-5	-7.390423e-5
2.8879999392e-5	-0.0001050142
2.8895999392e-5	-0.0001022287
2.8911999392e-5	-0.0001070141
2.8927999391e-5	-9.191206e-5
2.8943999391e-5	-6.221054e-5
2.8959999391e-5	-0.0001019232
2.897599939e-5	-0.0001067234
2.899199939e-5	-8.499349e-5
2.900799939e-5	-8.35816e-5
2.9023999389e-5	-8.528361e-5
2.9039999389e-5	-0.0001067474
2.9055999389e-5	-0.0001108061
2.9071999388e-5	-0.0001067348
2.9087999388e-5	-7.420573e-5
2.9103999388e-5	-4.531072e-5
2.9119999387e-5	-2.09814e-5
2.9135999387e-5	-1.469318e-5
2.9151999387e-5	-6.803383e-6
2.9167999386e-5	-2.73691e-5
2.9183999386e-5	-3.152539e-5
2.9199999386e-5	-5.30711e-5
2.9215999385e-5	-7.463312e-5
2.9231999385e-5	-0.0001039976
2.9247999385e-5	-9.045517e-5
2.9263999384e-5	-0.0001296543
2.9279999384e-5	-5.523965e-5
2.9295999384e-5	-0.0001115422
2.9311999383e-5	-4.022546e-5
2.9327999383e-5	1.897105e-6
2.9343999383e-5	0.0001191647
2.9359999382e-5	6.869098e-5
2.9375999382e-5	0.0001109366
2.9391999382e-5	0.0001507841
2.9407999381e-5	0.0001845513
2.9423999381e-5	0.0002107885
2.9439999381e-5	0.0002124932
2.945599938e-5	0.0002214
2.947199938e-5	0.000203576
2.948799938e-5	0.0001924299
2.9503999379e-5	0.0001438298
2.9519999379e-5	0.0001240334
2.9535999379e-5	0.0001073977
2.9551999378e-5	8.26677e-5
2.9567999378e-5	7.838837e-5
2.9583999378e-5	2.255014e-5
2.9599999377e-5	-3.339423e-5
2.9615999377e-5	-1.670103e-5
2.9631999377e-5	-0.0001247351
2.9647999376e-5	-0.0001310509
2.9663999376e-5	-0.0001667229
2.9679999376e-5	-9.58388e-5
2.9695999375e-5	-6.87831e-5
2.9711999375e-5	-4.485601e-6
2.9727999375e-5	2.308575e-5
2.9743999374e-5	2.605761e-5
2.9759999374e-5	4.395762e-5
2.9775999374e-5	4.959052e-5
2.9791999373e-5	5.319003e-5
2.9807999373e-5	-1.198811e-5
2.9823999372e-5	-2.020579e-7
2.9839999372e-5	5.920224e-5
2.9855999372e-5	8.118669e-5
2.9871999371e-5	6.488155e-5
2.9887999371e-5	6.822126e-5
2.9903999371e-5	2.55448e-5
2.991999937e-5	-5.153481e-5
2.993599937e-5	-0.0001003581
2.995199937e-5	-8.595072e-5
2.9967999369e-5	-0.0001405411
2.9983999369e-5	-0.0001462871
2.9999999369e-5	-0.0001502862
3.0015999368e-5	-0.0001574794
3.0031999368e-5	-0.0001551471
3.0047999368e-5	-0.0001383296
3.0063999367e-5	-0.0001501521
3.0079999367e-5	-7.455998e-5
3.0095999367e-5	-2.686425e-5
3.0111999366e-5	-1.39945e-5
3.0127999366e-5	9.139929e-6
3.0143999366e-5	0.0001060424
3.0159999365e-5	0.0001157034
3.0175999365e-5	0.0001135087
3.0191999365e-5	0.0001376712
3.0207999364e-5	0.0001524162
3.0223999364e-5	0.0001787229
3.0239999364e-5	0.0001598244
3.0255999363e-5	0.0001465069
3.0271999363e-5	6.949292e-5
3.0287999363e-5	3.713803e-5
3.0303999362e-5	1.898162e-6
3.0319999362e-5	-3.482833e-5
3.0335999362e-5	-6.68187e-5
3.0351999361e-5	-6.732058e-5
3.0367999361e-5	-7.117954e-5
3.0383999361e-5	-3.722669e-5
3.039999936e-5	-2.087856e-5
3.041599936e-5	-0.0001027421
3.043199936e-5	-5.018758e-5
3.0447999359e-5	-3.490219e-6
3.0463999359e-5	4.620111e-5
3.0479999359e-5	8.488922e-5
3.0495999358e-5	0.0001447815
3.0511999358e-5	0.0001081329
3.0527999358e-5	0.0001903813
3.0543999357e-5	0.000126499
3.0559999357e-5	0.000114202
3.0575999357e-5	0.0001180102
3.0591999356e-5	7.217828e-5
3.0607999356e-5	7.837956e-5
3.0623999356e-5	0.0001379584
3.0639999355e-5	0.0001612346
3.0655999355e-5	8.449043e-5
3.0671999355e-5	2.675023e-5
3.0687999354e-5	4.58152e-6
3.0703999354e-5	0.0001087083
3.0719999354e-5	5.623818e-5
3.0735999353e-5	4.15705e-5
3.0751999353e-5	-6.05892e-5
3.0767999353e-5	-4.410655e-5
3.0783999352e-5	-4.536975e-5
3.0799999352e-5	-9.088761e-5
3.0815999352e-5	-8.652732e-5
3.0831999351e-5	-1.118236e-5
3.0847999351e-5	1.757173e-5
3.0863999351e-5	2.983939e-6
3.087999935e-5	7.8091e-6
3.089599935e-5	-2.055979e-5
3.091199935e-5	-5.619395e-6
3.0927999349e-5	-3.754622e-5
3.0943999349e-5	-0.0001100663
3.0959999349e-5	-0.0001068321
3.0975999348e-5	-0.0001255752
3.0991999348e-5	-0.0002222493
3.1007999348e-5	-0.0002329869
3.1023999347e-5	-0.0001904478
3.1039999347e-5	-0.0001777213
3.1055999347e-5	-0.0001748987
3.1071999346e-5	-0.0001924852
3.1087999346e-5	-0.0002544897
3.1103999346e-5	-0.0001578911
3.1119999345e-5	-0.000171806
3.1135999345e-5	-0.0001454908
3.1151999345e-5	-0.000149838
3.1167999344e-5	-9.649008e-5
3.1183999344e-5	-6.2769e-5
3.1199999344e-5	-6.782434e-5
3.1215999343e-5	-1.332451e-5
3.1231999343e-5	-6.04964e-5
3.1247999343e-5	1.131062e-5
3.1263999342e-5	3.881328e-5
3.1279999342e-5	4.269378e-5
3.1295999342e-5	9.595684e-5
3.1311999341e-5	6.974954e-5
3.1327999341e-5	0.0001042605
3.1343999341e-5	9.520609e-5
3.135999934e-5	0.0001052936
3.137599934e-5	0.0001137313
3.139199934e-5	9.438065e-5
3.1407999339e-5	0.000173384
3.1423999339e-5	0.0001412814
3.1439999338e-5	0.0001190461
3.1455999338e-5	0.0001250737
3.1471999338e-5	0.0001195412
3.1487999337e-5	4.71314e-5
3.1503999337e-5	0.0001419489
3.1519999337e-5	9.411927e-5
3.1535999336e-5	0.0001007244
3.1551999336e-5	0.0001575509
3.1567999336e-5	0.0001204055
3.1583999335e-5	7.510811e-5
3.1599999335e-5	9.794506e-5
3.1615999335e-5	0.0001303664
3.1631999334e-5	0.0001154645
3.1647999334e-5	0.0001181193
3.1663999334e-5	0.0001129125
3.1679999333e-5	0.0001141787
3.1695999333e-5	0.0001160419
3.1711999333e-5	0.0001368293
3.1727999332e-5	5.424765e-5
3.1743999332e-5	7.14316e-5
3.1759999332e-5	4.28336e-5
3.1775999331e-5	-2.181732e-5
3.1791999331e-5	3.527701e-6
3.1807999331e-5	2.926495e-6
3.182399933e-5	1.424621e-5
3.183999933e-5	3.334516e-5
3.185599933e-5	6.395562e-5
3.1871999329e-5	1.336069e-5
3.1887999329e-5	-1.508003e-5
3.1903999329e-5	-1.841626e-5
3.1919999328e-5	-5.045386e-5
3.1935999328e-5	-7.136924e-5
3.1951999328e-5	-5.673086e-5
3.1967999327e-5	-9.801473e-5
3.1983999327e-5	-0.0001262162
3.1999999327e-5	-0.00010422
3.2015999326e-5	-0.0001132069
3.2031999326e-5	-9.945104e-5
3.2047999326e-5	-7.891044e-5
3.2063999325e-5	-0.0001074181
3.2079999325e-5	-0.0001654266
3.2095999325e-5	-0.0001982777
3.2111999324e-5	-0.0002289073
3.2127999324e-5	-0.0002118491
3.2143999324e-5	-0.0001894453
3.2159999323e-5	-0.0001898498
3.2175999323e-5	-0.0001426484
3.2191999323e-5	-0.0001239302
3.2207999322e-5	-0.0001274988
3.2223999322e-5	-0.0001225217
3.2239999322e-5	-0.0001445741
3.2255999321e-5	-0.0001468461
3.2271999321e-5	-6.306118e-5
3.2287999321e-5	-3.20336e-5
3.230399932e-5	4.28348e-5
3.231999932e-5	5.304007e-5
3.233599932e-5	8.227844e-5
3.2351999319e-5	0.0001129712
3.2367999319e-5	9.056253e-5
3.2383999319e-5	5.153726e-5
3.2399999318e-5	2.346569e-5
3.2415999318e-5	9.95686e-6
3.2431999318e-5	-5.444153e-6
3.2447999317e-5	-1.843774e-6
3.2463999317e-5	-3.873931e-5
3.2479999317e-5	5.636166e-6
3.2495999316e-5	2.711094e-5
3.2511999316e-5	5.429998e-5
3.2527999316e-5	5.04621e-5
3.2543999315e-5	-1.681829e-5
3.2559999315e-5	-8.700563e-6
3.2575999315e-5	-3.319446e-5
3.2591999314e-5	-2.301828e-5
3.2607999314e-5	-2.372893e-5
3.2623999314e-5	3.661848e-6
3.2639999313e-5	-2.246556e-5
3.2655999313e-5	1.179644e-5
3.2671999313e-5	-2.507366e-6
3.2687999312e-5	-1.889465e-5
3.2703999312e-5	-2.572354e-5
3.2719999312e-5	-7.55422e-6
3.2735999311e-5	0.0001114023
3.2751999311e-5	0.0001764303
3.2767999311e-5	0.0001342334
3.278399931e-5	0.0001177033
3.279999931e-5	2.434471e-5
3.281599931e-5	7.195113e-6
3.2831999309e-5	-1.264814e-6
3.2847999309e-5	8.048416e-6
3.2863999309e-5	-4.291653e-6
3.2879999308e-5	5.697514e-6
3.2895999308e-5	4.333266e-5
3.2911999308e-5	2.573018e-5
3.2927999307e-5	1.324397e-5
3.2943999307e-5	1.506493e-5
3.2959999307e-5	1.601596e-5
3.2975999306e-5	-1.632337e-5
3.2991999306e-5	7.391909e-5
3.3007999305e-5	4.278371e-5
3.3023999305e-5	-6.180605e-6
3.3039999305e-5	4.276505e-6
3.3055999304e-5	-3.948559e-5
3.3071999304e-5	-6.24136e-5
3.3087999304e-5	-6.526573e-5
3.3103999303e-5	-0.0001078202
3.3119999303e-5	-0.0001177132
3.3135999303e-5	-0.0001719782
3.3151999302e-5	-0.0001488793
3.3167999302e-5	-0.0001142688
3.3183999302e-5	-0.000157393
3.3199999301e-5	-0.0002122987
3.3215999301e-5	-0.000180985
3.3231999301e-5	-0.0001685605
3.32479993e-5	-0.0001682728
3.32639993e-5	-7.981098e-5
3.32799993e-5	-9.94963e-5
3.3295999299e-5	-0.00011643
3.3311999299e-5	-5.101087e-5
3.3327999299e-5	-2.320589e-5
3.3343999298e-5	-6.760356e-5
3.3359999298e-5	-2.293484e-5
3.3375999298e-5	-8.016385e-6
3.3391999297e-5	5.10582e-5
3.3407999297e-5	5.616722e-5
3.3423999297e-5	4.340589e-5
3.3439999296e-5	-6.10015e-6
3.3455999296e-5	1.382632e-5
3.3471999296e-5	3.758019e-5
3.3487999295e-5	5.120658e-5
3.3503999295e-5	2.210679e-5
3.3519999295e-5	-5.016815e-5
3.3535999294e-5	-4.646902e-5
3.3551999294e-5	-4.256962e-5
3.3567999294e-5	7.913476e-5
3.3583999293e-5	5.755094e-5
3.3599999293e-5	7.039773e-5
3.3615999293e-5	7.891386e-5
3.3631999292e-5	6.387781e-6
3.3647999292e-5	3.02353e-5
3.3663999292e-5	6.77808e-5
3.3679999291e-5	4.84431e-5
3.3695999291e-5	9.267058e-5
3.3711999291e-5	8.845525e-5
3.372799929e-5	0.0001449852
3.374399929e-5	0.0001614797
3.375999929e-5	0.0001341091
3.3775999289e-5	0.000124794
3.3791999289e-5	0.0001332891
3.3807999289e-5	0.0001606898
3.3823999288e-5	0.0001520269
3.3839999288e-5	0.000125465
3.3855999288e-5	9.074934e-5
3.3871999287e-5	4.834583e-5
3.3887999287e-5	3.125741e-5
3.3903999287e-5	5.144529e-6
3.3919999286e-5	5.555771e-5
3.3935999286e-5	1.338837e-5
3.3951999286e-5	-4.12291e-5
3.3967999285e-5	-4.698976e-5
3.3983999285e-5	-1.76575e-5
3.3999999285e-5	-1.975146e-5
3.4015999284e-5	-7.101195e-5
3.4031999284e-5	-2.96984e-5
3.4047999284e-5	-6.166007e-5
3.4063999283e-5	-0.000117858
3.4079999283e-5	-0.0001320643
3.4095999283e-5	-0.0001037275
3.4111999282e-5	-9.689128e-5
3.4127999282e-5	-0.0001008344
3.4143999282e-5	-7.11363e-5
3.4159999281e-5	-9.440098e-5
3.4175999281e-5	-0.0001259841
3.4191999281e-5	-9.326218e-5
3.420799928e-5	-0.0001848162
3.422399928e-5	-0.0001349172
3.423999928e-5	-0.0001809326
3.4255999279e-5	-0.0001551625
3.4271999279e-5	-4.782769e-5
3.4287999279e-5	-8.616455e-5
3.4303999278e-5	-8.061767e-5
3.4319999278e-5	-7.399933e-5
3.4335999278e-5	-3.555722e-5
3.4351999277e-5	-2.237352e-5
3.4367999277e-5	-2.23299e-5
3.4383999277e-5	-1.074952e-6
3.4399999276e-5	1.650379e-5
3.4415999276e-5	-1.443531e-5
3.4431999276e-5	4.031303e-5
3.4447999275e-5	8.225249e-5
3.4463999275e-5	6.513025e-6
3.4479999275e-5	5.350769e-5
3.4495999274e-5	2.678802e-5
3.4511999274e-5	7.665468e-5
3.4527999274e-5	2.60852e-5
3.4543999273e-5	1.172757e-5
3.4559999273e-5	6.649244e-6
3.4575999273e-5	5.581625e-5
3.4591999272e-5	7.326825e-5
3.4607999272e-5	7.635499e-5
3.4623999271e-5	2.724159e-5
3.4639999271e-5	6.826226e-5
3.4655999271e-5	0.0001266126
3.467199927e-5	8.354063e-5
3.468799927e-5	7.497951e-5
3.470399927e-5	8.580764e-5
3.4719999269e-5	-5.727148e-6
3.4735999269e-5	-1.452102e-5
3.4751999269e-5	6.685846e-6
3.4767999268e-5	5.212779e-5
3.4783999268e-5	5.442281e-5
3.4799999268e-5	3.575003e-5
3.4815999267e-5	7.18878e-6
3.4831999267e-5	4.320213e-5
3.4847999267e-5	6.410171e-5
3.4863999266e-5	6.532621e-5
3.4879999266e-5	7.381172e-5
3.4895999266e-5	-1.437012e-5
3.4911999265e-5	3.202581e-5
3.4927999265e-5	0.0001148406
3.4943999265e-5	0.00013253
3.4959999264e-5	0.0001319898
3.4975999264e-5	5.568776e-5
3.4991999264e-5	0.0001082543
3.5007999263e-5	0.0001404686
3.5023999263e-5	0.0001700828
3.5039999263e-5	9.238393e-5
3.5055999262e-5	8.159273e-5
3.5071999262e-5	7.9479e-5
3.5087999262e-5	0.0001155923
3.5103999261e-5	0.0001146556
3.5119999261e-5	4.800644e-5
3.5135999261e-5	-3.024999e-5
3.515199926e-5	-7.993045e-5
3.516799926e-5	-6.184561e-5
3.518399926e-5	-0.000100588
3.5199999259e-5	-0.0001177809
3.5215999259e-5	-0.0001577701
3.5231999259e-5	-0.0002054585
3.5247999258e-5	-0.0002771725
3.5263999258e-5	-0.0002428235
3.5279999258e-5	-0.0002439194
3.5295999257e-5	-0.0002421224
3.5311999257e-5	-0.0002082273
3.5327999257e-5	-0.0002786273
3.5343999256e-5	-0.0002541671
3.5359999256e-5	-0.0002110415
3.5375999256e-5	-0.0001893797
3.5391999255e-5	-7.447349e-5
3.5407999255e-5	-5.109388e-5
3.5423999255e-5	-7.43132e-6
3.5439999254e-5	-2.457989e-5
3.5455999254e-5	1.288589e-5
3.5471999254e-5	2.465499e-5
3.5487999253e-5	2.591261e-5
3.5503999253e-5	7.608272e-5
3.5519999253e-5	0.0001024589
3.5535999252e-5	9.811702e-5
3.5551999252e-5	2.309351e-5
3.5567999252e-5	5.288614e-5
3.5583999251e-5	1.355129e-5
3.5599999251e-5	-2.241937e-5
3.5615999251e-5	-8.239918e-5
3.563199925e-5	-9.464499e-5
3.564799925e-5	-6.43468e-7
3.566399925e-5	3.385092e-5
3.5679999249e-5	1.198233e-5
3.5695999249e-5	-2.349043e-5
3.5711999249e-5	2.4617e-5
3.5727999248e-5	4.193726e-7
3.5743999248e-5	1.525061e-5
3.5759999248e-5	9.35979e-5
3.5775999247e-5	8.398099e-5
3.5791999247e-5	0.0001716484
3.5807999247e-5	0.0001700739
3.5823999246e-5	0.0002125133
3.5839999246e-5	0.0002115552
3.5855999246e-5	0.0001999926
3.5871999245e-5	0.0001407262
3.5887999245e-5	0.0001209825
3.5903999245e-5	0.000109317
3.5919999244e-5	9.658777e-5
3.5935999244e-5	6.418548e-5
3.5951999244e-5	0.0001153789
3.5967999243e-5	2.16162e-5
3.5983999243e-5	-4.495035e-5
3.5999999243e-5	-5.622576e-5
3.6015999242e-5	-2.228736e-5
3.6031999242e-5	-9.521087e-5
3.6047999242e-5	-0.0001845881
3.6063999241e-5	-0.0001819694
3.6079999241e-5	-8.791112e-5
3.6095999241e-5	-8.117435e-5
3.611199924e-5	-0.0001050914
3.612799924e-5	-5.459192e-5
3.614399924e-5	-2.5855e-5
3.6159999239e-5	-8.037196e-5
3.6175999239e-5	-6.949231e-5
3.6191999239e-5	-0.0001237268
3.6207999238e-5	-5.166658e-5
3.6223999238e-5	-3.339478e-5
3.6239999237e-5	-7.963208e-5
3.6255999237e-5	-2.546148e-5
3.6271999237e-5	1.801223e-5
3.6287999236e-5	2.329217e-5
3.6303999236e-5	5.303829e-5
3.6319999236e-5	-3.165958e-5
3.6335999235e-5	-5.630967e-5
3.6351999235e-5	-1.102346e-5
3.6367999235e-5	-6.304385e-5
3.6383999234e-5	5.618644e-5
3.6399999234e-5	7.744438e-5
3.6415999234e-5	1.591655e-5
3.6431999233e-5	2.679014e-5
3.6447999233e-5	-6.30311e-6
3.6463999233e-5	4.536389e-5
3.6479999232e-5	5.526678e-5
3.6495999232e-5	3.822903e-5
3.6511999232e-5	4.995122e-5
3.6527999231e-5	-2.677083e-5
3.6543999231e-5	-9.261545e-5
3.6559999231e-5	-1.278912e-5
3.657599923e-5	-1.740234e-5
3.659199923e-5	-4.664321e-5
3.660799923e-5	-8.316927e-5
3.6623999229e-5	-7.499479e-5
3.6639999229e-5	-9.313484e-5
3.6655999229e-5	-0.0001078099
3.6671999228e-5	-0.0001402845
3.6687999228e-5	-9.024747e-5
3.6703999228e-5	-6.051047e-5
3.6719999227e-5	5.676429e-6
3.6735999227e-5	0.0001303229
3.6751999227e-5	0.0001557661
3.6767999226e-5	0.0001372204
3.6783999226e-5	7.844858e-5
3.6799999226e-5	0.0001028259
3.6815999225e-5	0.0001108079
3.6831999225e-5	0.0001071282
3.6847999225e-5	0.0001097132
3.6863999224e-5	0.0001217103
3.6879999224e-5	2.880282e-5
3.6895999224e-5	7.590973e-5
3.6911999223e-5	8.082268e-5
3.6927999223e-5	9.523667e-5
3.6943999223e-5	0.0001003391
3.6959999222e-5	6.471566e-5
3.6975999222e-5	9.035128e-5
3.6991999222e-5	-4.388323e-7
3.7007999221e-5	-2.763766e-5
3.7023999221e-5	-1.980084e-5
3.7039999221e-5	-4.444381e-6
3.705599922e-5	-5.537788e-5
3.707199922e-5	-2.866115e-5
3.708799922e-5	-4.242564e-5
3.7103999219e-5	-4.804949e-5
3.7119999219e-5	-2.940048e-6
3.7135999219e-5	-1.632474e-5
3.7151999218e-5	-1.694105e-5
3.7167999218e-5	-1.737088e-5
3.7183999218e-5	5.122624e-5
3.7199999217e-5	-1.48765e-5
3.7215999217e-5	-8.493583e-5
3.7231999217e-5	-0.0001111566
3.7247999216e-5	-9.057099e-5
3.7263999216e-5	-0.0001662924
3.7279999216e-5	-0.0001400546
3.7295999215e-5	-0.0001427924
3.7311999215e-5	-0.0002649255
3.7327999215e-5	-0.0002296346
3.7343999214e-5	-0.0001226649
3.7359999214e-5	-2.719817e-5
3.7375999214e-5	-2.938362e-5
3.7391999213e-5	-4.257124e-5
3.7407999213e-5	-0.0001045013
3.7423999213e-5	-8.550345e-5
3.7439999212e-5	-7.899546e-5
3.7455999212e-5	-4.527277e-5
3.7471999212e-5	4.401431e-5
3.7487999211e-5	9.29572e-5
3.7503999211e-5	4.886657e-5
3.7519999211e-5	9.164543e-5
3.753599921e-5	5.79066e-5
3.755199921e-5	9.181675e-5
3.756799921e-5	0.000124451
3.7583999209e-5	0.0001070291
3.7599999209e-5	0.0001061095
3.7615999209e-5	8.814052e-5
3.7631999208e-5	1.627037e-5
3.7647999208e-5	-4.809676e-5
3.7663999208e-5	-5.789881e-5
3.7679999207e-5	-7.077144e-5
3.7695999207e-5	-0.0001213909
3.7711999207e-5	-2.317088e-5
3.7727999206e-5	-3.275741e-5
3.7743999206e-5	-4.162078e-5
3.7759999206e-5	1.709899e-5
3.7775999205e-5	1.897754e-5
3.7791999205e-5	5.513181e-5
3.7807999205e-5	8.32405e-5
3.7823999204e-5	0.0001614319
3.7839999204e-5	0.0001930136
3.7855999203e-5	0.000230272
3.7871999203e-5	0.0002350801
3.7887999203e-5	0.0002475841
3.7903999202e-5	0.0002693303
3.7919999202e-5	0.0001932858
3.7935999202e-5	0.0002168415
3.7951999201e-5	0.0001203135
3.7967999201e-5	0.0001291876
3.7983999201e-5	0.0001065045
3.79999992e-5	7.445861e-5
3.80159992e-5	2.188165e-5
3.80319992e-5	-4.127683e-5
3.8047999199e-5	-0.000104422
3.8063999199e-5	-7.35698e-5
3.8079999199e-5	-0.0001613295
3.8095999198e-5	-9.367295e-5
3.8111999198e-5	-4.668612e-5
3.8127999198e-5	-2.105279e-5
3.8143999197e-5	-6.07115e-8
3.8159999197e-5	5.294015e-5
3.8175999197e-5	2.914407e-5
3.8191999196e-5	-1.373753e-5
3.8207999196e-5	-2.985034e-5
3.8223999196e-5	-1.648467e-5
3.8239999195e-5	-4.605012e-6
3.8255999195e-5	5.409485e-5
3.8271999195e-5	2.423596e-5
3.8287999194e-5	1.459712e-5
3.8303999194e-5	1.033922e-5
3.8319999194e-5	-5.655795e-5
3.8335999193e-5	-0.0001734105
3.8351999193e-5	-0.0002182888
3.8367999193e-5	-0.0002108187
3.8383999192e-5	-0.0002258167
3.8399999192e-5	-0.000255172
3.8415999192e-5	-0.0001774055
3.8431999191e-5	-8.850585e-5
3.8447999191e-5	-1.567987e-5
3.8463999191e-5	2.420806e-5
3.847999919e-5	3.929242e-5
3.849599919e-5	2.016543e-5
3.851199919e-5	4.211766e-5
3.8527999189e-5	9.003459e-5
3.8543999189e-5	1.362099e-5
3.8559999189e-5	2.515876e-5
3.8575999188e-5	2.052505e-5
3.8591999188e-5	-5.165977e-5
3.8607999188e-5	-6.370977e-5
3.8623999187e-5	-7.061865e-5
3.8639999187e-5	-0.0001057988
3.8655999187e-5	-3.930651e-5
3.8671999186e-5	-5.598183e-5
3.8687999186e-5	-7.017709e-5
3.8703999186e-5	-8.908752e-5
3.8719999185e-5	-0.0001242347
3.8735999185e-5	-8.05271e-5
3.8751999185e-5	-4.264939e-5
3.8767999184e-5	3.570329e-5
3.8783999184e-5	0.0001081887
3.8799999184e-5	0.0001359218
3.8815999183e-5	0.0001844083
3.8831999183e-5	0.0002529963
3.8847999183e-5	0.0002544569
3.8863999182e-5	0.0002914753
3.8879999182e-5	0.0002859467
3.8895999182e-5	0.0002671253
3.8911999181e-5	0.0002265571
3.8927999181e-5	0.0002273099
3.8943999181e-5	0.0002258973
3.895999918e-5	0.0001924
3.897599918e-5	0.0001365541
3.899199918e-5	1.8688e-5
3.9007999179e-5	-7.774212e-5
3.9023999179e-5	-0.0001003418
3.9039999179e-5	-7.155347e-5
3.9055999178e-5	-0.0001148285
3.9071999178e-5	-0.0001075909
3.9087999178e-5	-3.563282e-5
3.9103999177e-5	7.225161e-6
3.9119999177e-5	2.962918e-5
3.9135999177e-5	8.741444e-5
3.9151999176e-5	3.385019e-5
3.9167999176e-5	-2.264488e-5
3.9183999176e-5	-7.603447e-6
3.9199999175e-5	-1.109459e-5
3.9215999175e-5	5.510507e-6
3.9231999175e-5	2.967017e-5
3.9247999174e-5	5.582278e-7
3.9263999174e-5	-2.133784e-5
3.9279999174e-5	-3.469801e-6
3.9295999173e-5	-5.585091e-5
3.9311999173e-5	-5.94443e-5
3.9327999173e-5	-0.0001741547
3.9343999172e-5	-0.000157408
3.9359999172e-5	-0.000144174
3.9375999172e-5	-0.0001784277
3.9391999171e-5	-0.0002155261
3.9407999171e-5	-0.0002030795
3.9423999171e-5	-0.0001908276
3.943999917e-5	-4.159923e-5
3.945599917e-5	-6.553539e-5
3.9471999169e-5	-0.000123041
3.9487999169e-5	-9.73776e-5
3.9503999169e-5	-3.216774e-5
3.9519999168e-5	1.881424e-5
3.9535999168e-5	-6.937537e-5
3.9551999168e-5	-2.563655e-5
3.9567999167e-5	-7.58832e-6
3.9583999167e-5	-4.956204e-5
3.9599999167e-5	-3.511172e-5
3.9615999166e-5	-3.229752e-8
3.9631999166e-5	-2.135858e-5
3.9647999166e-5	-3.253019e-5
3.9663999165e-5	-4.77732e-5
3.9679999165e-5	-3.133911e-5
3.9695999165e-5	-4.327363e-5
3.9711999164e-5	-6.16024e-5
3.9727999164e-5	-6.739331e-5
3.9743999164e-5	-3.47933e-5
3.9759999163e-5	-6.225211e-5
3.9775999163e-5	1.037225e-5
3.9791999163e-5	0.0001291033
3.9807999162e-5	9.63225e-5
3.9823999162e-5	6.067017e-5
3.9839999162e-5	4.834136e-5
3.9855999161e-5	8.947913e-5
3.9871999161e-5	0.0001089795
3.9887999161e-5	7.554103e-5
3.990399916e-5	0.0001055657
3.991999916e-5	0.0001152422
3.993599916e-5	0.0001391692
3.9951999159e-5	0.0001155804
3.9967999159e-5	0.0001436007
3.9983999159e-5	8.880314e-5
