Source File Name:	Scan
Signal:	Time - Vib Velocity - Samples

Time	Time Signal
[ s ]	[ m/s ]
0	2.509445e-5
1.5999999663e-8	-1.334869e-5
3.1999999327e-8	-1.690873e-5
4.799999899e-8	-4.429028e-5
6.3999998653e-8	-3.532021e-5
7.9999998317e-8	-7.713619e-5
9.599999798e-8	-4.31575e-5
1.1199999764e-7	-2.336828e-5
1.2799999731e-7	-1.395837e-5
1.4399999697e-7	-2.223856e-6
1.5999999663e-7	-6.56519e-6
1.759999963e-7	-8.742882e-6
1.9199999596e-7	2.814644e-5
2.0799999562e-7	6.801902e-5
2.2399999529e-7	4.645677e-5
2.3999999495e-7	5.746361e-5
2.5599999461e-7	4.929469e-5
2.7199999428e-7	7.000138e-5
2.8799999394e-7	6.015976e-5
3.039999936e-7	4.163749e-5
3.1999999327e-7	1.126365e-5
3.3599999293e-7	2.166617e-5
3.5199999259e-7	3.178818e-5
3.6799999226e-7	1.336881e-5
3.8399999192e-7	-2.451455e-5
3.9999999158e-7	-5.55958e-5
4.1599999125e-7	-6.080023e-5
4.3199999091e-7	-5.644529e-5
4.4799999057e-7	-0.000100566
4.6399999024e-7	-0.0001159337
4.799999899e-7	-9.047003e-5
4.9599998956e-7	-9.556919e-5
5.1199998923e-7	-2.313921e-5
5.2799998889e-7	-5.073419e-6
5.4399998855e-7	-6.0788e-6
5.5999998822e-7	2.135025e-5
5.7599998788e-7	-1.429139e-5
5.9199998754e-7	-8.768255e-6
6.0799998721e-7	-2.208045e-5
6.2399998687e-7	1.047088e-5
6.3999998653e-7	5.056056e-5
6.559999862e-7	6.049436e-5
6.7199998586e-7	5.06835e-5
6.8799998552e-7	4.574806e-5
7.0399998519e-7	3.646503e-5
7.1999998485e-7	4.510759e-5
7.3599998451e-7	1.62043e-5
7.5199998418e-7	1.973563e-5
7.6799998384e-7	2.247085e-5
7.839999835e-7	2.756012e-5
7.9999998317e-7	1.788727e-5
8.1599998283e-7	-4.922886e-6
8.3199998249e-7	-2.128016e-6
8.4799998216e-7	-4.913578e-5
8.6399998182e-7	-6.050426e-5
8.7999998148e-7	-6.602686e-5
8.9599998115e-7	-6.732455e-5
9.1199998081e-7	-7.1325e-5
9.2799998047e-7	-8.723946e-5
9.4399998014e-7	-0.0001051721
9.599999798e-7	-0.0001624005
9.7599997946e-7	-0.0001456311
9.9199997913e-7	-0.0001579468
1.0079999788e-6	-0.0001522162
1.0239999785e-6	-0.0001198497
1.0399999781e-6	-0.0001186426
1.0559999778e-6	-0.0001408918
1.0719999774e-6	-0.0001379794
1.0879999771e-6	-0.0001579439
1.1039999768e-6	-0.0001333831
1.1199999764e-6	-9.722104e-5
1.1359999761e-6	-5.923174e-5
1.1519999758e-6	-9.570955e-6
1.1679999754e-6	1.429822e-5
1.1839999751e-6	1.858678e-5
1.1999999748e-6	2.881649e-5
1.2159999744e-6	6.551262e-5
1.2319999741e-6	5.074064e-5
1.2479999737e-6	6.208387e-5
1.2639999734e-6	7.019125e-5
1.2799999731e-6	0.0001136928
1.2959999727e-6	0.0001406946
1.3119999724e-6	0.000137772
1.3279999721e-6	8.72197e-5
1.3439999717e-6	0.0001265763
1.3599999714e-6	7.929807e-5
1.375999971e-6	6.320732e-5
1.3919999707e-6	9.40943e-5
1.4079999704e-6	0.0001420132
1.42399997e-6	0.0001591267
1.4399999697e-6	0.0001327941
1.4559999694e-6	0.000124454
1.471999969e-6	0.0001568172
1.4879999687e-6	0.0001799687
1.5039999684e-6	0.0002069526
1.519999968e-6	0.0002566612
1.5359999677e-6	0.0002558295
1.5519999673e-6	0.0002604542
1.567999967e-6	0.0002741151
1.5839999667e-6	0.0002931145
1.5999999663e-6	0.0002551765
1.615999966e-6	0.0001845362
1.6319999657e-6	0.0001702827
1.6479999653e-6	0.0001564604
1.663999965e-6	0.0001170446
1.6799999647e-6	0.00010772
1.6959999643e-6	3.531022e-5
1.711999964e-6	2.834465e-5
1.7279999636e-6	-4.29741e-5
1.7439999633e-6	-7.768155e-5
1.759999963e-6	-0.0001165434
1.7759999626e-6	-0.0001740092
1.7919999623e-6	-0.0001916839
1.807999962e-6	-0.0002223966
1.8239999616e-6	-0.0002523056
1.8399999613e-6	-0.000252293
1.8559999609e-6	-0.0002491885
1.8719999606e-6	-0.0002536909
1.8879999603e-6	-0.0002390035
1.9039999599e-6	-0.0002121334
1.9199999596e-6	-0.000197043
1.9359999593e-6	-0.0001577894
1.9519999589e-6	-0.0001380168
1.9679999586e-6	-0.0001071587
1.9839999583e-6	-7.744088e-5
1.9999999579e-6	-7.535837e-5
2.0159999576e-6	-4.514545e-5
2.0319999572e-6	-1.317152e-5
2.0479999569e-6	1.245125e-5
2.0639999566e-6	2.009161e-5
2.0799999562e-6	-1.376238e-6
2.0959999559e-6	2.346291e-5
2.1119999556e-6	2.395099e-5
2.1279999552e-6	1.147633e-5
2.1439999549e-6	2.999634e-5
2.1599999546e-6	8.793595e-6
2.1759999542e-6	1.888209e-5
2.1919999539e-6	2.420403e-5
2.2079999535e-6	-6.039759e-7
2.2239999532e-6	2.190618e-5
2.2399999529e-6	1.208983e-5
2.2559999525e-6	-5.904501e-6
2.2719999522e-6	-3.685202e-7
2.2879999519e-6	3.827558e-5
2.3039999515e-6	1.247347e-5
2.3199999512e-6	-3.361973e-5
2.3359999508e-6	-4.921317e-5
2.3519999505e-6	-3.359678e-5
2.3679999502e-6	-1.233509e-5
2.3839999498e-6	-3.079006e-5
2.3999999495e-6	-8.857822e-5
2.4159999492e-6	-8.594165e-5
2.4319999488e-6	-0.0001037641
2.4479999485e-6	-0.0001045472
2.4639999482e-6	-9.840497e-5
2.4799999478e-6	-0.0001034813
2.4959999475e-6	-8.805499e-5
2.5119999471e-6	-3.657708e-5
2.5279999468e-6	1.955696e-7
2.5439999465e-6	5.14572e-5
2.5599999461e-6	6.549514e-5
2.5759999458e-6	5.580362e-5
2.5919999455e-6	9.235173e-5
2.6079999451e-6	0.0001812847
2.6239999448e-6	0.0001972497
2.6399999445e-6	0.0002252488
2.6559999441e-6	0.0002520112
2.6719999438e-6	0.0002761441
2.6879999434e-6	0.0002539394
2.7039999431e-6	0.0002299309
2.7199999428e-6	0.0002306581
2.7359999424e-6	0.000214155
2.7519999421e-6	0.0001948
2.7679999418e-6	0.0001578425
2.7839999414e-6	0.0001807471
2.7999999411e-6	0.0001567748
2.8159999408e-6	0.0001148216
2.8319999404e-6	7.331236e-5
2.8479999401e-6	4.012623e-5
2.8639999397e-6	8.247093e-6
2.8799999394e-6	-1.274048e-5
2.8959999391e-6	-4.363657e-5
2.9119999387e-6	-4.074327e-5
2.9279999384e-6	-3.660524e-5
2.9439999381e-6	-6.942888e-5
2.9599999377e-6	-0.0001125039
2.9759999374e-6	-0.0001334926
2.991999937e-6	-0.0001557665
3.0079999367e-6	-0.0001734822
3.0239999364e-6	-0.0001747042
3.039999936e-6	-0.0001737075
3.0559999357e-6	-0.0001620728
3.0719999354e-6	-0.000149495
3.087999935e-6	-0.0001693592
3.1039999347e-6	-0.000153568
3.1199999344e-6	-0.0001147321
3.135999934e-6	-0.000100872
3.1519999337e-6	-7.906015e-5
3.1679999333e-6	-4.936455e-5
3.183999933e-6	-2.823102e-5
3.1999999327e-6	-6.857423e-5
3.2159999323e-6	-9.672843e-5
3.231999932e-6	-7.785163e-5
3.2479999317e-6	-8.053064e-5
3.2639999313e-6	-6.812636e-5
3.279999931e-6	-9.958218e-5
3.2959999307e-6	-0.0001164186
3.3119999303e-6	-0.0001472794
3.32799993e-6	-0.0001161945
3.3439999296e-6	-0.0001524973
3.3599999293e-6	-0.0001931962
3.375999929e-6	-0.0002276483
3.3919999286e-6	-0.0002639057
3.4079999283e-6	-0.0002508927
3.423999928e-6	-0.0002279419
3.4399999276e-6	-0.0001893942
3.4559999273e-6	-9.697136e-5
3.4719999269e-6	-1.598642e-5
3.4879999266e-6	3.043389e-5
3.5039999263e-6	0.0001095756
3.5199999259e-6	0.0001761729
3.5359999256e-6	0.0002367169
3.5519999253e-6	0.0003340437
3.5679999249e-6	0.0004171035
3.5839999246e-6	0.0004917342
3.5999999243e-6	0.0005642471
3.6159999239e-6	0.000595688
3.6319999236e-6	0.0006462969
3.6479999232e-6	0.0006573233
3.6639999229e-6	0.0006156273
3.6799999226e-6	0.0005780226
3.6959999222e-6	0.0005082507
3.7119999219e-6	0.0004329105
3.7279999216e-6	0.0003275039
3.7439999212e-6	0.0002264771
3.7599999209e-6	7.971517e-5
3.7759999206e-6	-6.95054e-5
3.7919999202e-6	-0.0001806143
3.8079999199e-6	-0.0002979598
3.8239999195e-6	-0.0003764231
3.8399999192e-6	-0.0005439292
3.8559999189e-6	-0.0006432266
3.8719999185e-6	-0.0007174584
3.8879999182e-6	-0.0007736423
3.9039999179e-6	-0.0008492136
3.9199999175e-6	-0.0008752244
3.9359999172e-6	-0.0008665338
3.9519999168e-6	-0.0008074681
3.9679999165e-6	-0.0007136166
3.9839999162e-6	-0.0005936455
3.9999999158e-6	-0.0004236698
4.0159999155e-6	-0.0002831083
4.0319999152e-6	-0.0001049754
4.0479999148e-6	7.449533e-5
4.0639999145e-6	0.0002440519
4.0799999142e-6	0.0003895085
4.0959999138e-6	0.000572694
4.1119999135e-6	0.0006757238
4.1279999131e-6	0.000753757
4.1439999128e-6	0.0007645704
4.1599999125e-6	0.0007533485
4.1759999121e-6	0.0006965653
4.1919999118e-6	0.0006303705
4.2079999115e-6	0.0005031511
4.2239999111e-6	0.000386592
4.2399999108e-6	0.0002056909
4.2559999105e-6	2.669906e-5
4.2719999101e-6	-0.0002260951
4.2879999098e-6	-0.0004614095
4.3039999094e-6	-0.0006256807
4.3199999091e-6	-0.0007832994
4.3359999088e-6	-0.0009865706
4.3519999084e-6	-0.001068159
4.3679999081e-6	-0.00114396
4.3839999078e-6	-0.001154755
4.3999999074e-6	-0.00113998
4.4159999071e-6	-0.00107648
4.4319999067e-6	-0.000968874
4.4479999064e-6	-0.0008023549
4.4639999061e-6	-0.0006496349
4.4799999057e-6	-0.0004280442
4.4959999054e-6	-0.0002253946
4.5119999051e-6	-1.933837e-6
4.5279999047e-6	0.0002768036
4.5439999044e-6	0.0005261487
4.5599999041e-6	0.0007791904
4.5759999037e-6	0.0009613539
4.5919999034e-6	0.001139967
4.607999903e-6	0.001289041
4.6239999027e-6	0.001345762
4.6399999024e-6	0.001422448
4.655999902e-6	0.001414296
4.6719999017e-6	0.001312535
4.6879999014e-6	0.001158163
4.703999901e-6	0.0009579498
4.7199999007e-6	0.0007245591
4.7359999004e-6	0.0004742689
4.7519999e-6	0.0001609683
4.7679998997e-6	-0.0001630072
4.7839998993e-6	-0.0004397179
4.799999899e-6	-0.0007176886
4.8159998987e-6	-0.00095999
4.8319998983e-6	-0.001177452
4.847999898e-6	-0.001284393
4.8639998977e-6	-0.001327063
4.8799998973e-6	-0.001303971
4.895999897e-6	-0.001219513
4.9119998966e-6	-0.001046974
4.9279998963e-6	-0.0008019377
4.943999896e-6	-0.0005847019
4.9599998956e-6	-0.0002921072
4.9759998953e-6	-1.384149e-5
4.991999895e-6	0.0003660005
5.0079998946e-6	0.0006971348
5.0239998943e-6	0.0009761876
5.039999894e-6	0.001263265
5.0559998936e-6	0.001421557
5.0719998933e-6	0.001546092
5.0879998929e-6	0.001644464
5.1039998926e-6	0.001605202
5.1199998923e-6	0.00154273
5.1359998919e-6	0.001410456
5.1519998916e-6	0.001186328
5.1679998913e-6	0.0009323579
5.1839998909e-6	0.0006552145
5.1999998906e-6	0.0003985866
5.2159998903e-6	0.0001450886
5.2319998899e-6	-0.000172892
5.2479998896e-6	-0.000493496
5.2639998892e-6	-0.0007791742
5.2799998889e-6	-0.0009531979
5.2959998886e-6	-0.001168753
5.3119998882e-6	-0.001355454
5.3279998879e-6	-0.00143799
5.3439998876e-6	-0.001491901
5.3599998872e-6	-0.001475377
5.3759998869e-6	-0.001375271
5.3919998866e-6	-0.001261359
5.4079998862e-6	-0.001151866
5.4239998859e-6	-0.0009697666
5.4399998855e-6	-0.0007751522
5.4559998852e-6	-0.0005738572
5.4719998849e-6	-0.0002595874
5.4879998845e-6	3.400176e-6
5.5039998842e-6	0.0002682002
5.5199998839e-6	0.0005096036
5.5359998835e-6	0.0006409497
5.5519998832e-6	0.0007322493
5.5679998828e-6	0.0007912497
5.5839998825e-6	0.000876983
5.5999998822e-6	0.0009027792
5.6159998818e-6	0.0008676428
5.6319998815e-6	0.0007474713
5.6479998812e-6	0.0005689664
5.6639998808e-6	0.0003640882
5.6799998805e-6	0.0001736646
5.6959998802e-6	-3.150029e-5
5.7119998798e-6	-0.0002517246
5.7279998795e-6	-0.0004827384
5.7439998791e-6	-0.0006399081
5.7599998788e-6	-0.0008094278
5.7759998785e-6	-0.0008996638
5.7919998781e-6	-0.0009652167
5.8079998778e-6	-0.0009564122
5.8239998775e-6	-0.0009036713
5.8399998771e-6	-0.0008578174
5.8559998768e-6	-0.0007828031
5.8719998765e-6	-0.000639955
5.8879998761e-6	-0.0004517285
5.9039998758e-6	-0.0002507308
5.9199998754e-6	-2.854522e-5
5.9359998751e-6	0.0002040355
5.9519998748e-6	0.0003934213
5.9679998744e-6	0.0005487726
5.9839998741e-6	0.000739912
5.9999998738e-6	0.0007900755
6.0159998734e-6	0.0009152574
6.0319998731e-6	0.0009558663
6.0479998727e-6	0.0009285299
6.0639998724e-6	0.0009534399
6.0799998721e-6	0.0008874775
6.0959998717e-6	0.0008182852
6.1119998714e-6	0.0007386309
6.1279998711e-6	0.000606927
6.1439998707e-6	0.0004603973
6.1599998704e-6	0.0003895584
6.1759998701e-6	0.0003324597
6.1919998697e-6	0.0002167189
6.2079998694e-6	0.0001519184
6.223999869e-6	5.859017e-5
6.2399998687e-6	-4.251478e-6
6.2559998684e-6	-9.432925e-5
6.271999868e-6	-0.0001696634
6.2879998677e-6	-0.0002187085
6.3039998674e-6	-0.0002276166
6.319999867e-6	-0.0002139392
6.3359998667e-6	-0.0001707282
6.3519998664e-6	-0.000186636
6.367999866e-6	-0.0001299088
6.3839998657e-6	-8.03283e-5
6.3999998653e-6	-8.618252e-5
6.415999865e-6	-3.504676e-6
6.4319998647e-6	4.826912e-5
6.4479998643e-6	9.737506e-5
6.463999864e-6	0.0001484982
6.4799998637e-6	0.0001864613
6.4959998633e-6	0.000197241
6.511999863e-6	0.0002142499
6.5279998626e-6	0.0001628177
6.5439998623e-6	0.0001762618
6.559999862e-6	0.0001375513
6.5759998616e-6	0.0001265431
6.5919998613e-6	5.107778e-5
6.607999861e-6	-2.990143e-5
6.6239998606e-6	-0.0001143212
6.6399998603e-6	-0.0001899841
6.65599986e-6	-0.0002847222
6.6719998596e-6	-0.0003499324
6.6879998593e-6	-0.0003908257
6.7039998589e-6	-0.0004358581
6.7199998586e-6	-0.0004679218
6.7359998583e-6	-0.0004739163
6.7519998579e-6	-0.0004908632
6.7679998576e-6	-0.0005247105
6.7839998573e-6	-0.000520631
6.7999998569e-6	-0.0005070799
6.8159998566e-6	-0.0005228979
6.8319998563e-6	-0.0005301833
6.8479998559e-6	-0.0004856348
6.8639998556e-6	-0.0004667881
6.8799998552e-6	-0.0004117943
6.8959998549e-6	-0.0003602796
6.9119998546e-6	-0.0003174635
6.9279998542e-6	-0.0003227526
6.9439998539e-6	-0.0003354689
6.9599998536e-6	-0.0002633006
6.9759998532e-6	-0.0001582382
6.9919998529e-6	-0.000129738
7.0079998525e-6	-0.0001076529
7.0239998522e-6	-6.694069e-5
7.0399998519e-6	-1.567166e-5
7.0559998515e-6	-3.917589e-5
7.0719998512e-6	-4.058288e-6
7.0879998509e-6	5.316795e-5
7.1039998505e-6	1.853721e-5
7.1199998502e-6	4.096079e-5
7.1359998499e-6	8.085406e-5
7.1519998495e-6	8.698679e-5
7.1679998492e-6	5.148029e-5
7.1839998488e-6	5.874491e-5
7.1999998485e-6	2.291546e-5
7.2159998482e-6	5.696783e-5
7.2319998478e-6	8.12471e-5
7.2479998475e-6	0.0001360235
7.2639998472e-6	0.0001645663
7.2799998468e-6	0.0001618805
7.2959998465e-6	0.0001883492
7.3119998462e-6	0.0002303952
7.3279998458e-6	0.0001956417
7.3439998455e-6	0.0002207073
7.3599998451e-6	0.000256212
7.3759998448e-6	0.0002970216
7.3919998445e-6	0.0002756274
7.4079998441e-6	0.0002906734
7.4239998438e-6	0.000305504
7.4399998435e-6	0.0003157485
7.4559998431e-6	0.0003773112
7.4719998428e-6	0.0003978476
7.4879998424e-6	0.0004201636
7.5039998421e-6	0.0004381511
7.5199998418e-6	0.000449842
7.5359998414e-6	0.0004717105
7.5519998411e-6	0.0004961065
7.5679998408e-6	0.0005467287
7.5839998404e-6	0.000595546
7.5999998401e-6	0.0006247518
7.6159998398e-6	0.0006402923
7.6319998394e-6	0.0006298929
7.6479998391e-6	0.0006536659
7.6639998387e-6	0.0006203029
7.6799998384e-6	0.0005583154
7.6959998381e-6	0.0005340655
7.7119998377e-6	0.0005202873
7.7279998374e-6	0.0004874948
7.7439998371e-6	0.0004297507
7.7599998367e-6	0.0003199104
7.7759998364e-6	0.0002403186
7.7919998361e-6	0.0001597591
7.8079998357e-6	-2.677953e-7
7.8239998354e-6	-9.506554e-5
7.839999835e-6	-0.0002192566
7.8559998347e-6	-0.0003453692
7.8719998344e-6	-0.0004065502
7.887999834e-6	-0.000436782
7.9039998337e-6	-0.0004876199
7.9199998334e-6	-0.0005355368
7.935999833e-6	-0.0006117661
7.9519998327e-6	-0.0006554741
7.9679998324e-6	-0.000617297
7.983999832e-6	-0.0006011607
7.9999998317e-6	-0.0005918505
8.0159998313e-6	-0.000525189
8.031999831e-6	-0.0004359629
8.0479998307e-6	-0.0003835751
8.0639998303e-6	-0.000347435
8.07999983e-6	-0.0002974693
8.0959998297e-6	-0.0002486231
8.1119998293e-6	-0.0002218667
8.127999829e-6	-0.0002152135
8.1439998286e-6	-0.0002273215
8.1599998283e-6	-0.0002117385
8.175999828e-6	-0.0002194792
8.1919998276e-6	-0.0002426237
8.2079998273e-6	-0.0002992979
8.223999827e-6	-0.0003683772
8.2399998266e-6	-0.0004473425
8.2559998263e-6	-0.0005050618
8.271999826e-6	-0.0005599924
8.2879998256e-6	-0.0006481
8.3039998253e-6	-0.0007097702
8.3199998249e-6	-0.0007190752
8.3359998246e-6	-0.0007432299
8.3519998243e-6	-0.0007189154
8.3679998239e-6	-0.0007127306
8.3839998236e-6	-0.0006840752
8.3999998233e-6	-0.0006626006
8.4159998229e-6	-0.0006080481
8.4319998226e-6	-0.0005442095
8.4479998223e-6	-0.0004821289
8.4639998219e-6	-0.0003482118
8.4799998216e-6	-0.0001963251
8.4959998212e-6	-6.887308e-5
8.5119998209e-6	6.298044e-5
8.5279998206e-6	0.0001867398
8.5439998202e-6	0.000360936
8.5599998199e-6	0.0004823621
8.5759998196e-6	0.0006124419
8.5919998192e-6	0.0007956026
8.6079998189e-6	0.0009154757
8.6239998185e-6	0.0009658349
8.6399998182e-6	0.001019295
8.6559998179e-6	0.00107018
8.6719998175e-6	0.001137292
8.6879998172e-6	0.001135937
8.7039998169e-6	0.001093956
8.7199998165e-6	0.001028518
8.7359998162e-6	0.0009957224
8.7519998159e-6	0.0009123781
8.7679998155e-6	0.0008292621
8.7839998152e-6	0.0007011982
8.7999998148e-6	0.0005754793
8.8159998145e-6	0.0004458381
8.8319998142e-6	0.0003245567
8.8479998138e-6	0.0002207645
8.8639998135e-6	0.0001476247
8.8799998132e-6	0.0001241488
8.8959998128e-6	8.105971e-5
8.9119998125e-6	5.498556e-5
8.9279998122e-6	4.022116e-5
8.9439998118e-6	5.901486e-5
8.9599998115e-6	6.074586e-5
8.9759998111e-6	5.972645e-5
8.9919998108e-6	7.817289e-5
9.0079998105e-6	0.0001159414
9.0239998101e-6	0.0001214542
9.0399998098e-6	0.000131033
9.0559998095e-6	0.0001145469
9.0719998091e-6	0.0001131246
9.0879998088e-6	0.0001281492
9.1039998084e-6	5.501719e-5
9.1199998081e-6	-9.051384e-6
9.1359998078e-6	-5.8667e-5
9.1519998074e-6	-8.30972e-5
9.1679998071e-6	-0.0001409298
9.1839998068e-6	-0.0001556161
9.1999998064e-6	-0.000205075
9.2159998061e-6	-0.0003031627
9.2319998058e-6	-0.0003414259
9.2479998054e-6	-0.0003891424
9.2639998051e-6	-0.0003856914
9.2799998047e-6	-0.0003978462
9.2959998044e-6	-0.0003743967
9.3119998041e-6	-0.0003566408
9.3279998037e-6	-0.0003832792
9.3439998034e-6	-0.0004048507
9.3599998031e-6	-0.0003933644
9.3759998027e-6	-0.0004054515
9.3919998024e-6	-0.0004566531
9.4079998021e-6	-0.0004620982
9.4239998017e-6	-0.0004421936
9.4399998014e-6	-0.0005130705
9.455999801e-6	-0.000546042
9.4719998007e-6	-0.0005747775
9.4879998004e-6	-0.0006303065
9.5039998e-6	-0.0006387527
9.5199997997e-6	-0.0006360702
9.5359997994e-6	-0.0006101463
9.551999799e-6	-0.0005572915
9.5679997987e-6	-0.00053051
9.5839997983e-6	-0.0004799686
9.599999798e-6	-0.0003889574
9.6159997977e-6	-0.0003288204
9.6319997973e-6	-0.0002267524
9.647999797e-6	-0.000118429
9.6639997967e-6	-1.79728e-5
9.6799997963e-6	6.234852e-5
9.695999796e-6	0.0001768684
9.7119997957e-6	0.0002519005
9.7279997953e-6	0.0003196003
9.743999795e-6	0.0003810625
9.7599997946e-6	0.0004667051
9.7759997943e-6	0.0005357689
9.791999794e-6	0.0005664995
9.8079997936e-6	0.0005724623
9.8239997933e-6	0.0005852547
9.839999793e-6	0.0006027999
9.8559997926e-6	0.0005904851
9.8719997923e-6	0.0005574672
9.887999792e-6	0.0005432818
9.9039997916e-6	0.0005177208
9.9199997913e-6	0.000516345
9.9359997909e-6	0.0004705397
9.9519997906e-6	0.0003879418
9.9679997903e-6	0.0003247628
9.9839997899e-6	0.000252053
9.9999997896e-6	0.0001638065
1.0015999789e-5	6.469755e-5
1.0031999789e-5	-1.004247e-6
1.0047999789e-5	-4.024441e-5
1.0063999788e-5	-9.92695e-5
1.0079999788e-5	-0.0001927114
1.0095999788e-5	-0.0002287368
1.0111999787e-5	-0.0002094215
1.0127999787e-5	-0.0002396208
1.0143999787e-5	-0.0002239015
1.0159999786e-5	-0.000249285
1.0175999786e-5	-0.0002307983
1.0191999786e-5	-0.0001905012
1.0207999785e-5	-0.0001245282
1.0223999785e-5	-6.454926e-5
1.0239999785e-5	-1.112406e-5
1.0255999784e-5	4.740716e-5
1.0271999784e-5	9.833348e-5
1.0287999784e-5	0.0001023599
1.0303999783e-5	7.731919e-5
1.0319999783e-5	0.0001174336
1.0335999783e-5	0.0001422226
1.0351999782e-5	0.0001644888
1.0367999782e-5	0.0001681341
1.0383999782e-5	0.0001164645
1.0399999781e-5	7.752646e-5
1.0415999781e-5	6.938697e-5
1.0431999781e-5	2.821049e-5
1.044799978e-5	1.534981e-5
1.046399978e-5	-5.136539e-5
1.0479999779e-5	-7.410291e-5
1.0495999779e-5	-0.0001141527
1.0511999779e-5	-0.0001505848
1.0527999778e-5	-0.0001654979
1.0543999778e-5	-0.0001801707
1.0559999778e-5	-0.0002001165
1.0575999777e-5	-0.0002019914
1.0591999777e-5	-0.0002531789
1.0607999777e-5	-0.0003060799
1.0623999776e-5	-0.0003445326
1.0639999776e-5	-0.0003682813
1.0655999776e-5	-0.0003842748
1.0671999775e-5	-0.0003709389
1.0687999775e-5	-0.0003475993
1.0703999775e-5	-0.0003032642
1.0719999774e-5	-0.0002600924
1.0735999774e-5	-0.0002754878
1.0751999774e-5	-0.0002014152
1.0767999773e-5	-0.0001304778
1.0783999773e-5	-8.054222e-5
1.0799999773e-5	9.283312e-6
1.0815999772e-5	9.574472e-5
1.0831999772e-5	0.0001359985
1.0847999772e-5	0.0002213467
1.0863999771e-5	0.0003470895
1.0879999771e-5	0.0004293389
1.0895999771e-5	0.0004841823
1.091199977e-5	0.000526768
1.092799977e-5	0.0005430285
1.094399977e-5	0.0005372241
1.0959999769e-5	0.0004936502
1.0975999769e-5	0.0004824264
1.0991999769e-5	0.0004537556
1.1007999768e-5	0.0004205112
1.1023999768e-5	0.0003846137
1.1039999768e-5	0.0003051844
1.1055999767e-5	0.0002187233
1.1071999767e-5	0.0001133848
1.1087999767e-5	-2.901878e-5
1.1103999766e-5	-0.0001172977
1.1119999766e-5	-0.0002025866
1.1135999766e-5	-0.000303294
1.1151999765e-5	-0.0003737183
1.1167999765e-5	-0.0003955775
1.1183999765e-5	-0.0004220183
1.1199999764e-5	-0.0004768246
1.1215999764e-5	-0.0005180874
1.1231999764e-5	-0.0005293569
1.1247999763e-5	-0.0005171744
1.1263999763e-5	-0.0004895661
1.1279999763e-5	-0.0004285043
1.1295999762e-5	-0.0002983226
1.1311999762e-5	-0.0001946247
1.1327999762e-5	-0.0001162213
1.1343999761e-5	-2.496497e-5
1.1359999761e-5	5.954942e-5
1.1375999761e-5	0.0001447828
1.139199976e-5	0.0002052371
1.140799976e-5	0.000278858
1.142399976e-5	0.000318502
1.1439999759e-5	0.0003159401
1.1455999759e-5	0.0003157205
1.1471999759e-5	0.0002970138
1.1487999758e-5	0.0003131981
1.1503999758e-5	0.0002654926
1.1519999758e-5	0.0001774897
1.1535999757e-5	0.0001098872
1.1551999757e-5	2.085948e-5
1.1567999757e-5	-5.434098e-5
1.1583999756e-5	-0.0001462941
1.1599999756e-5	-0.0002341679
1.1615999756e-5	-0.0002882819
1.1631999755e-5	-0.000321916
1.1647999755e-5	-0.0003433755
1.1663999755e-5	-0.0003954112
1.1679999754e-5	-0.0003782801
1.1695999754e-5	-0.0003166794
1.1711999754e-5	-0.0002961301
1.1727999753e-5	-0.0002792685
1.1743999753e-5	-0.0002165498
1.1759999753e-5	-0.0001129474
1.1775999752e-5	-2.817744e-5
1.1791999752e-5	5.340191e-5
1.1807999752e-5	0.0001472781
1.1823999751e-5	0.0002577099
1.1839999751e-5	0.000311744
1.1855999751e-5	0.0003293091
1.187199975e-5	0.0004010772
1.188799975e-5	0.0004277247
1.190399975e-5	0.0004561323
1.1919999749e-5	0.0004344233
1.1935999749e-5	0.0004060197
1.1951999749e-5	0.00036972
1.1967999748e-5	0.000357527
1.1983999748e-5	0.0002916539
1.1999999748e-5	0.000248368
1.2015999747e-5	0.0001606863
1.2031999747e-5	0.0001148514
1.2047999747e-5	7.431819e-5
1.2063999746e-5	9.287804e-6
1.2079999746e-5	-6.249877e-5
1.2095999745e-5	-8.947562e-5
1.2111999745e-5	-0.0001107528
1.2127999745e-5	-0.000142554
1.2143999744e-5	-0.0001660274
1.2159999744e-5	-0.0002060871
1.2175999744e-5	-0.0002096117
1.2191999743e-5	-0.0001751755
1.2207999743e-5	-0.0001853902
1.2223999743e-5	-0.0001431931
1.2239999742e-5	-0.0001232584
1.2255999742e-5	-0.0001460957
1.2271999742e-5	-0.0001405916
1.2287999741e-5	-0.0001024341
1.2303999741e-5	-0.0001070864
1.2319999741e-5	-7.627695e-5
1.233599974e-5	-8.951174e-5
1.235199974e-5	-0.0001130083
1.236799974e-5	-0.00010839
1.2383999739e-5	-8.115612e-5
1.2399999739e-5	-0.0001161266
1.2415999739e-5	-0.0001098669
1.2431999738e-5	-8.610677e-5
1.2447999738e-5	-6.612696e-5
1.2463999738e-5	-9.625751e-5
1.2479999737e-5	-0.0001053214
1.2495999737e-5	-6.468984e-5
1.2511999737e-5	-7.697905e-5
1.2527999736e-5	-0.0001104238
1.2543999736e-5	-9.399218e-5
1.2559999736e-5	-6.401756e-5
1.2575999735e-5	-5.090502e-5
1.2591999735e-5	-4.726809e-5
1.2607999735e-5	-7.829534e-5
1.2623999734e-5	-7.566625e-5
1.2639999734e-5	-6.421446e-5
1.2655999734e-5	-4.963089e-5
1.2671999733e-5	-3.616086e-5
1.2687999733e-5	-6.145411e-6
1.2703999733e-5	2.410997e-5
1.2719999732e-5	5.213823e-5
1.2735999732e-5	9.198265e-5
1.2751999732e-5	0.000132392
1.2767999731e-5	0.0001616074
1.2783999731e-5	0.0001785155
1.2799999731e-5	0.0002066749
1.281599973e-5	0.0001879371
1.283199973e-5	0.0002271654
1.284799973e-5	0.0002283684
1.2863999729e-5	0.000252827
1.2879999729e-5	0.0002794958
1.2895999729e-5	0.0002806588
1.2911999728e-5	0.0002609431
1.2927999728e-5	0.0002691262
1.2943999728e-5	0.0002699706
1.2959999727e-5	0.0002646953
1.2975999727e-5	0.0002308267
1.2991999727e-5	0.0001976182
1.3007999726e-5	0.0001762941
1.3023999726e-5	0.0001387364
1.3039999726e-5	0.0001156382
1.3055999725e-5	6.047393e-5
1.3071999725e-5	2.200262e-5
1.3087999725e-5	6.819242e-6
1.3103999724e-5	-6.308173e-6
1.3119999724e-5	-1.552769e-5
1.3135999724e-5	-7.177868e-5
1.3151999723e-5	-0.0001001894
1.3167999723e-5	-8.862109e-5
1.3183999723e-5	-8.354191e-5
1.3199999722e-5	-0.00010353
1.3215999722e-5	-0.0001002112
1.3231999722e-5	-7.247659e-5
1.3247999721e-5	-0.00011317
1.3263999721e-5	-0.0001076733
1.3279999721e-5	-0.0001135176
1.329599972e-5	-0.0001258693
1.331199972e-5	-0.0001958328
1.332799972e-5	-0.0002260395
1.3343999719e-5	-0.0001987095
1.3359999719e-5	-0.0002004384
1.3375999719e-5	-0.0002095629
1.3391999718e-5	-0.0002348355
1.3407999718e-5	-0.0002937975
1.3423999718e-5	-0.000351821
1.3439999717e-5	-0.0003534835
1.3455999717e-5	-0.0003128439
1.3471999717e-5	-0.0002966975
1.3487999716e-5	-0.0002541009
1.3503999716e-5	-0.0002555976
1.3519999716e-5	-0.000261617
1.3535999715e-5	-0.000251279
1.3551999715e-5	-0.0001940395
1.3567999715e-5	-0.0001988679
1.3583999714e-5	-0.0001729808
1.3599999714e-5	-0.0001444117
1.3615999714e-5	-0.0001615883
1.3631999713e-5	-0.000115783
1.3647999713e-5	-6.347938e-5
1.3663999713e-5	-3.516576e-5
1.3679999712e-5	-2.698247e-6
1.3695999712e-5	3.752708e-5
1.3711999711e-5	2.250449e-5
1.3727999711e-5	4.311193e-5
1.3743999711e-5	8.620734e-5
1.375999971e-5	9.170517e-5
1.377599971e-5	0.000140538
1.379199971e-5	0.0001722143
1.3807999709e-5	0.000226618
1.3823999709e-5	0.0002404679
1.3839999709e-5	0.000286243
1.3855999708e-5	0.000293697
1.3871999708e-5	0.0003196025
1.3887999708e-5	0.0002846642
1.3903999707e-5	0.0002929604
1.3919999707e-5	0.0002898341
1.3935999707e-5	0.0002714192
1.3951999706e-5	0.0003031595
1.3967999706e-5	0.0002656703
1.3983999706e-5	0.0002297409
1.3999999705e-5	0.0002432209
1.4015999705e-5	0.0002308743
1.4031999705e-5	0.0001931822
1.4047999704e-5	0.0001919998
1.4063999704e-5	0.0002003103
1.4079999704e-5	0.0001827147
1.4095999703e-5	0.0001921087
1.4111999703e-5	0.0001839187
1.4127999703e-5	0.0002111806
1.4143999702e-5	0.0002027479
1.4159999702e-5	0.0002077992
1.4175999702e-5	0.0001691219
1.4191999701e-5	0.0001632295
1.4207999701e-5	0.0001206459
1.4223999701e-5	7.727547e-5
1.42399997e-5	2.981631e-5
1.42559997e-5	2.434207e-5
1.42719997e-5	-1.239574e-5
1.4287999699e-5	-7.077344e-5
1.4303999699e-5	-0.0001524976
1.4319999699e-5	-0.0002019776
1.4335999698e-5	-0.0002267239
1.4351999698e-5	-0.0002746917
1.4367999698e-5	-0.0002882821
1.4383999697e-5	-0.0003206854
1.4399999697e-5	-0.0003031168
1.4415999697e-5	-0.0003145452
1.4431999696e-5	-0.0003044775
1.4447999696e-5	-0.0002659731
1.4463999696e-5	-0.0002536946
1.4479999695e-5	-0.0002169443
1.4495999695e-5	-0.0001994095
1.4511999695e-5	-0.0001911245
1.4527999694e-5	-0.0001766638
1.4543999694e-5	-0.0001752149
1.4559999694e-5	-9.46552e-5
1.4575999693e-5	-7.051293e-5
1.4591999693e-5	-8.73133e-5
1.4607999693e-5	-0.0001031693
1.4623999692e-5	-6.284076e-5
1.4639999692e-5	-7.260892e-5
1.4655999692e-5	-8.46519e-5
1.4671999691e-5	-0.0001027281
1.4687999691e-5	-9.820359e-5
1.4703999691e-5	-0.000101472
1.471999969e-5	-0.0001173711
1.473599969e-5	-0.0001136007
1.475199969e-5	-0.0001064845
1.4767999689e-5	-0.0001184467
1.4783999689e-5	-8.049252e-5
1.4799999689e-5	-4.019602e-5
1.4815999688e-5	-5.359328e-6
1.4831999688e-5	1.289487e-6
1.4847999688e-5	5.492802e-5
1.4863999687e-5	5.974698e-5
1.4879999687e-5	7.697954e-5
1.4895999687e-5	0.0001074476
1.4911999686e-5	0.0001074809
1.4927999686e-5	0.0001134726
1.4943999686e-5	0.0001388268
1.4959999685e-5	0.0001881099
1.4975999685e-5	0.0001654305
1.4991999685e-5	0.0001362693
1.5007999684e-5	0.0001491909
1.5023999684e-5	0.0001502248
1.5039999684e-5	0.0001371801
1.5055999683e-5	0.0001282538
1.5071999683e-5	0.0001083731
1.5087999683e-5	9.294953e-5
1.5103999682e-5	9.666432e-5
1.5119999682e-5	0.0001294273
1.5135999682e-5	9.713318e-5
1.5151999681e-5	0.0001537025
1.5167999681e-5	0.0001026244
1.5183999681e-5	9.372519e-5
1.519999968e-5	8.220255e-5
1.521599968e-5	2.791793e-5
1.523199968e-5	-7.45535e-6
1.5247999679e-5	2.258815e-5
1.5263999679e-5	-1.327091e-5
1.5279999679e-5	-3.384241e-5
1.5295999678e-5	9.129222e-6
1.5311999678e-5	1.08266e-5
1.5327999677e-5	-2.638955e-7
1.5343999677e-5	-1.581734e-5
1.5359999677e-5	-2.881085e-5
1.5375999676e-5	-1.819652e-5
1.5391999676e-5	-4.282387e-5
1.5407999676e-5	-6.678571e-5
1.5423999675e-5	-6.362884e-5
1.5439999675e-5	-5.470284e-5
1.5455999675e-5	-9.688863e-5
1.5471999674e-5	-0.0001019432
1.5487999674e-5	-0.0001170429
1.5503999674e-5	-0.0001184121
1.5519999673e-5	-0.0001296337
1.5535999673e-5	-0.0001358856
1.5551999673e-5	-0.0001754154
1.5567999672e-5	-0.0001765625
1.5583999672e-5	-0.0001746045
1.5599999672e-5	-0.0001290455
1.5615999671e-5	-9.817007e-5
1.5631999671e-5	-0.0001154746
1.5647999671e-5	-7.275614e-5
1.566399967e-5	-3.174553e-5
1.567999967e-5	-3.399752e-5
1.569599967e-5	-2.264882e-5
1.5711999669e-5	9.033267e-6
1.5727999669e-5	8.195952e-5
1.5743999669e-5	0.0001137212
1.5759999668e-5	0.0001248112
1.5775999668e-5	0.0001501524
1.5791999668e-5	0.0001609547
1.5807999667e-5	0.0001730149
1.5823999667e-5	0.0002127878
1.5839999667e-5	0.0002276378
1.5855999666e-5	0.0002415463
1.5871999666e-5	0.0002515618
1.5887999666e-5	0.0002164595
1.5903999665e-5	0.0001946598
1.5919999665e-5	0.0001647713
1.5935999665e-5	0.0001057357
1.5951999664e-5	0.0001052305
1.5967999664e-5	0.0001286127
1.5983999664e-5	0.0001282005
1.5999999663e-5	0.0001151041
1.6015999663e-5	7.798745e-5
1.6031999663e-5	8.059604e-5
1.6047999662e-5	5.547011e-5
1.6063999662e-5	3.336052e-5
1.6079999662e-5	-4.042276e-6
1.6095999661e-5	1.440006e-5
1.6111999661e-5	-2.186882e-5
1.6127999661e-5	-1.575699e-5
1.614399966e-5	-4.703668e-5
1.615999966e-5	-2.866311e-5
1.617599966e-5	-1.911445e-5
1.6191999659e-5	-3.06622e-5
1.6207999659e-5	-6.177166e-5
1.6223999659e-5	-6.715307e-5
1.6239999658e-5	-6.836852e-5
1.6255999658e-5	-6.105473e-5
1.6271999658e-5	-6.393206e-5
1.6287999657e-5	-6.919057e-5
1.6303999657e-5	-5.919933e-5
1.6319999657e-5	-6.494048e-5
1.6335999656e-5	-8.984267e-5
1.6351999656e-5	-9.68379e-5
1.6367999656e-5	-8.92942e-5
1.6383999655e-5	-0.0001071568
1.6399999655e-5	-0.0001312685
1.6415999655e-5	-0.0001138244
1.6431999654e-5	-0.0001401332
1.6447999654e-5	-0.0001594496
1.6463999654e-5	-0.0002013937
1.6479999653e-5	-0.0001847549
1.6495999653e-5	-0.0001778187
1.6511999653e-5	-0.0001770511
1.6527999652e-5	-0.0001816876
1.6543999652e-5	-0.0002153844
1.6559999652e-5	-0.0001969642
1.6575999651e-5	-0.0001846729
1.6591999651e-5	-0.0001700774
1.6607999651e-5	-0.0001499439
1.662399965e-5	-0.0001140905
1.663999965e-5	-0.0001158998
1.665599965e-5	-0.0001114261
1.6671999649e-5	-0.0001131117
1.6687999649e-5	-0.0001002265
1.6703999649e-5	-7.274729e-5
1.6719999648e-5	-5.267625e-6
1.6735999648e-5	4.309454e-5
1.6751999648e-5	5.213195e-5
1.6767999647e-5	6.786048e-5
1.6783999647e-5	7.475716e-5
1.6799999647e-5	9.495338e-5
1.6815999646e-5	0.0001434211
1.6831999646e-5	0.0001578303
1.6847999646e-5	0.0001651687
1.6863999645e-5	0.0001733353
1.6879999645e-5	0.0002141518
1.6895999645e-5	0.0002272003
1.6911999644e-5	0.0002369999
1.6927999644e-5	0.000201002
1.6943999643e-5	0.0001786587
1.6959999643e-5	0.000160885
1.6975999643e-5	0.0001409093
1.6991999642e-5	0.0001318765
1.7007999642e-5	0.0001108523
1.7023999642e-5	8.446242e-5
1.7039999641e-5	5.330321e-5
1.7055999641e-5	3.976229e-5
1.7071999641e-5	5.848423e-5
1.708799964e-5	9.01583e-5
1.710399964e-5	0.0001046979
1.711999964e-5	0.00012313
1.7135999639e-5	0.0001055349
1.7151999639e-5	7.40472e-5
1.7167999639e-5	7.036819e-5
1.7183999638e-5	3.078215e-5
1.7199999638e-5	1.99277e-5
1.7215999638e-5	3.136435e-5
1.7231999637e-5	3.009965e-5
1.7247999637e-5	3.622593e-5
1.7263999637e-5	6.504731e-6
1.7279999636e-5	-1.747359e-5
1.7295999636e-5	-6.357116e-5
1.7311999636e-5	-9.062454e-5
1.7327999635e-5	-9.294893e-5
1.7343999635e-5	-0.000108932
1.7359999635e-5	-0.0001243941
1.7375999634e-5	-0.0001222931
1.7391999634e-5	-0.0001138832
1.7407999634e-5	-0.0001133706
1.7423999633e-5	-0.0001169484
1.7439999633e-5	-0.000117738
1.7455999633e-5	-0.0001067856
1.7471999632e-5	-0.0001280114
1.7487999632e-5	-0.0001129502
1.7503999632e-5	-0.0001030173
1.7519999631e-5	-9.874137e-5
1.7535999631e-5	-0.0001262419
1.7551999631e-5	-0.0001216672
1.756799963e-5	-0.0001099935
1.758399963e-5	-0.0001211033
1.759999963e-5	-0.0001390268
1.7615999629e-5	-0.0001418103
1.7631999629e-5	-0.0001570438
1.7647999629e-5	-0.0001549799
1.7663999628e-5	-0.0001318386
1.7679999628e-5	-0.0001248632
1.7695999628e-5	-0.0001470846
1.7711999627e-5	-0.000134924
1.7727999627e-5	-0.0001414992
1.7743999627e-5	-0.0001201529
1.7759999626e-5	-0.0001045084
1.7775999626e-5	-8.232954e-5
1.7791999626e-5	-4.011895e-5
1.7807999625e-5	-3.022868e-5
1.7823999625e-5	-3.467952e-5
1.7839999625e-5	1.54968e-5
1.7855999624e-5	4.931866e-5
1.7871999624e-5	7.110422e-5
1.7887999624e-5	0.000123449
1.7903999623e-5	0.0001977356
1.7919999623e-5	0.0002373991
1.7935999623e-5	0.0002580169
1.7951999622e-5	0.0002870049
1.7967999622e-5	0.0002897899
1.7983999622e-5	0.0002777016
1.7999999621e-5	0.0003072686
1.8015999621e-5	0.0002167728
1.8031999621e-5	0.0002553254
1.804799962e-5	0.0002361721
1.806399962e-5	0.0002042424
1.807999962e-5	0.0001275761
1.8095999619e-5	0.0001242765
1.8111999619e-5	7.132305e-5
1.8127999619e-5	6.582878e-5
1.8143999618e-5	0.0001016817
1.8159999618e-5	8.2352e-5
1.8175999618e-5	6.650863e-5
1.8191999617e-5	4.845241e-5
1.8207999617e-5	3.545764e-5
1.8223999617e-5	4.441516e-5
1.8239999616e-5	3.203795e-5
1.8255999616e-5	6.552282e-5
1.8271999616e-5	9.708244e-5
1.8287999615e-5	7.097148e-5
1.8303999615e-5	8.545315e-5
1.8319999615e-5	6.028861e-5
1.8335999614e-5	2.162227e-5
1.8351999614e-5	-3.081182e-6
1.8367999614e-5	-1.822513e-5
1.8383999613e-5	-5.43094e-5
1.8399999613e-5	-4.873459e-5
1.8415999613e-5	-4.481982e-5
1.8431999612e-5	-0.0001114787
1.8447999612e-5	-0.000106452
1.8463999612e-5	-0.0001466325
1.8479999611e-5	-0.0001554314
1.8495999611e-5	-0.0001884216
1.8511999611e-5	-0.0001849997
1.852799961e-5	-0.0001749583
1.854399961e-5	-0.0001758057
1.8559999609e-5	-0.0001792899
1.8575999609e-5	-0.000179808
1.8591999609e-5	-0.0001764981
1.8607999608e-5	-0.0001954265
1.8623999608e-5	-0.0001705431
1.8639999608e-5	-0.0001517643
1.8655999607e-5	-0.0001612982
1.8671999607e-5	-0.0001744637
1.8687999607e-5	-0.0001695266
1.8703999606e-5	-0.0001657007
1.8719999606e-5	-0.0001433528
1.8735999606e-5	-0.00013582
1.8751999605e-5	-0.0001230574
1.8767999605e-5	-0.0001304777
1.8783999605e-5	-0.0001178712
1.8799999604e-5	-6.938163e-5
1.8815999604e-5	-8.817474e-5
1.8831999604e-5	-9.803566e-5
1.8847999603e-5	-4.456531e-5
1.8863999603e-5	-2.172325e-5
1.8879999603e-5	2.345198e-5
1.8895999602e-5	2.649911e-5
1.8911999602e-5	6.921001e-5
1.8927999602e-5	9.657439e-5
1.8943999601e-5	0.0001517764
1.8959999601e-5	0.0001711796
1.8975999601e-5	0.0001642121
1.89919996e-5	0.0001978177
1.90079996e-5	0.0001824701
1.90239996e-5	0.0001708115
1.9039999599e-5	0.000179757
1.9055999599e-5	0.0002217946
1.9071999599e-5	0.0002037795
1.9087999598e-5	0.0001671875
1.9103999598e-5	0.000174725
1.9119999598e-5	0.0001625098
1.9135999597e-5	0.0001380372
1.9151999597e-5	0.0001260045
1.9167999597e-5	8.792409e-5
1.9183999596e-5	8.494591e-5
1.9199999596e-5	8.617746e-5
1.9215999596e-5	9.49116e-5
1.9231999595e-5	9.92124e-5
1.9247999595e-5	0.0001211443
1.9263999595e-5	0.0001229793
1.9279999594e-5	9.954438e-5
1.9295999594e-5	0.0001285767
1.9311999594e-5	0.0001210693
1.9327999593e-5	0.0001456491
1.9343999593e-5	0.0001192529
1.9359999593e-5	7.78269e-5
1.9375999592e-5	5.714396e-5
1.9391999592e-5	8.16563e-5
1.9407999592e-5	3.815911e-5
1.9423999591e-5	1.297487e-5
1.9439999591e-5	-4.117658e-6
1.9455999591e-5	-6.227467e-5
1.947199959e-5	-4.765868e-5
1.948799959e-5	-9.609443e-5
1.950399959e-5	-0.000142996
1.9519999589e-5	-0.000122955
1.9535999589e-5	-0.0001773097
1.9551999589e-5	-0.0002146001
1.9567999588e-5	-0.0002298516
1.9583999588e-5	-0.0002486363
1.9599999588e-5	-0.0002336048
1.9615999587e-5	-0.0002230669
1.9631999587e-5	-0.0002661659
1.9647999587e-5	-0.0002812626
1.9663999586e-5	-0.0002062297
1.9679999586e-5	-0.0001774236
1.9695999586e-5	-0.0001488542
1.9711999585e-5	-0.0001364115
1.9727999585e-5	-0.0001038376
1.9743999585e-5	-8.913274e-5
1.9759999584e-5	-4.636323e-5
1.9775999584e-5	-4.476904e-5
1.9791999584e-5	2.91076e-5
1.9807999583e-5	5.564086e-5
1.9823999583e-5	6.237011e-5
1.9839999583e-5	3.677055e-5
1.9855999582e-5	1.74339e-5
1.9871999582e-5	3.119144e-5
1.9887999582e-5	3.222618e-5
1.9903999581e-5	1.224164e-5
1.9919999581e-5	2.428156e-5
1.9935999581e-5	3.959838e-5
1.995199958e-5	2.923783e-5
1.996799958e-5	1.402284e-5
1.998399958e-5	5.380301e-5
1.9999999579e-5	5.321359e-5
2.0015999579e-5	6.250502e-5
2.0031999579e-5	4.662598e-5
2.0047999578e-5	4.721869e-5
2.0063999578e-5	9.874794e-5
2.0079999578e-5	6.93969e-5
2.0095999577e-5	7.621541e-5
2.0111999577e-5	0.0001187686
2.0127999576e-5	0.0001573478
2.0143999576e-5	0.0001746677
2.0159999576e-5	0.0001454498
2.0175999575e-5	0.0001330246
2.0191999575e-5	0.0001308137
2.0207999575e-5	0.0001393643
2.0223999574e-5	0.0001203097
2.0239999574e-5	0.0001182833
2.0255999574e-5	0.0001081707
2.0271999573e-5	7.199957e-5
2.0287999573e-5	1.863259e-5
2.0303999573e-5	3.744439e-6
2.0319999572e-5	2.427797e-6
2.0335999572e-5	-1.478334e-5
2.0351999572e-5	-1.605532e-5
2.0367999571e-5	-7.7713e-6
2.0383999571e-5	9.140258e-6
2.0399999571e-5	1.56866e-5
2.041599957e-5	-2.295929e-5
2.043199957e-5	-4.297067e-5
2.044799957e-5	-6.331767e-5
2.0463999569e-5	-8.823592e-5
2.0479999569e-5	-9.261323e-5
2.0495999569e-5	-0.0001007694
2.0511999568e-5	-0.0001004635
2.0527999568e-5	-0.0001115075
2.0543999568e-5	-0.0001465812
2.0559999567e-5	-0.0001533829
2.0575999567e-5	-0.0001358884
2.0591999567e-5	-0.000137489
2.0607999566e-5	-0.0001467682
2.0623999566e-5	-0.0001638836
2.0639999566e-5	-0.0001258506
2.0655999565e-5	-8.704815e-5
2.0671999565e-5	-9.121707e-5
2.0687999565e-5	-9.909741e-5
2.0703999564e-5	-6.102948e-5
2.0719999564e-5	-7.198684e-5
2.0735999564e-5	-6.511954e-5
2.0751999563e-5	-7.755193e-5
2.0767999563e-5	-4.697593e-5
2.0783999563e-5	-7.211578e-6
2.0799999562e-5	4.40971e-6
2.0815999562e-5	2.3226e-5
2.0831999562e-5	-5.8805e-5
2.0847999561e-5	-7.660363e-5
2.0863999561e-5	-3.584955e-5
2.0879999561e-5	-6.032502e-5
2.089599956e-5	-5.301053e-5
2.091199956e-5	-4.443075e-5
2.092799956e-5	-7.225712e-6
2.0943999559e-5	-2.22724e-6
2.0959999559e-5	1.167823e-5
2.0975999559e-5	4.220666e-5
2.0991999558e-5	4.986724e-5
2.1007999558e-5	6.679825e-5
2.1023999558e-5	9.776637e-5
2.1039999557e-5	0.0001056171
2.1055999557e-5	0.0001390895
2.1071999557e-5	0.0001630952
2.1087999556e-5	0.000170575
2.1103999556e-5	0.0001662763
2.1119999556e-5	0.000132478
2.1135999555e-5	9.077057e-5
2.1151999555e-5	0.0001167194
2.1167999555e-5	0.0001343711
2.1183999554e-5	0.0001074425
2.1199999554e-5	6.537883e-5
2.1215999554e-5	6.107022e-5
2.1231999553e-5	4.624985e-5
2.1247999553e-5	3.851111e-5
2.1263999553e-5	6.109265e-5
2.1279999552e-5	4.763776e-5
2.1295999552e-5	1.622147e-5
2.1311999552e-5	2.615528e-6
2.1327999551e-5	4.690443e-5
2.1343999551e-5	7.124088e-5
2.1359999551e-5	8.180191e-5
2.137599955e-5	0.0001209558
2.139199955e-5	0.0001223186
2.140799955e-5	0.0001097227
2.1423999549e-5	6.32726e-5
2.1439999549e-5	4.86085e-5
2.1455999549e-5	5.596225e-5
2.1471999548e-5	5.323054e-5
2.1487999548e-5	2.156167e-5
2.1503999548e-5	9.857296e-6
2.1519999547e-5	-6.675342e-6
2.1535999547e-5	-5.968019e-5
2.1551999547e-5	-0.0001133277
2.1567999546e-5	-0.0001203391
2.1583999546e-5	-0.0001505248
2.1599999546e-5	-0.0001734363
2.1615999545e-5	-0.0001687078
2.1631999545e-5	-0.0001828737
2.1647999545e-5	-0.0002070367
2.1663999544e-5	-0.0001939466
2.1679999544e-5	-0.0001868349
2.1695999544e-5	-0.0001857009
2.1711999543e-5	-0.0002067295
2.1727999543e-5	-0.0002066619
2.1743999542e-5	-0.0001759013
2.1759999542e-5	-9.397652e-5
2.1775999542e-5	-0.0001028007
2.1791999541e-5	-0.0001088567
2.1807999541e-5	-8.279402e-5
2.1823999541e-5	-7.253387e-5
2.183999954e-5	-8.415592e-5
2.185599954e-5	-4.256721e-5
2.187199954e-5	-3.26554e-5
2.1887999539e-5	-1.290212e-5
2.1903999539e-5	-1.252643e-5
2.1919999539e-5	1.661251e-5
2.1935999538e-5	4.139069e-6
2.1951999538e-5	2.334508e-5
2.1967999538e-5	4.412041e-5
2.1983999537e-5	2.838952e-5
2.1999999537e-5	6.974167e-5
2.2015999537e-5	0.0001035128
2.2031999536e-5	0.0001453154
2.2047999536e-5	0.0001749355
2.2063999536e-5	0.0001581965
2.2079999535e-5	0.0001770765
2.2095999535e-5	0.0001694491
2.2111999535e-5	0.0001937299
2.2127999534e-5	0.0001783206
2.2143999534e-5	0.0001814816
2.2159999534e-5	0.0001798616
2.2175999533e-5	0.0001617859
2.2191999533e-5	0.0001476673
2.2207999533e-5	0.0001004433
2.2223999532e-5	0.0001051455
2.2239999532e-5	0.000120822
2.2255999532e-5	0.0001726065
2.2271999531e-5	0.0001787436
2.2287999531e-5	0.0001359459
2.2303999531e-5	0.0001175948
2.231999953e-5	8.089886e-5
2.233599953e-5	3.717843e-5
2.235199953e-5	1.344486e-5
2.2367999529e-5	-1.651436e-5
2.2383999529e-5	-1.784806e-5
2.2399999529e-5	-5.264144e-6
2.2415999528e-5	-1.098116e-5
2.2431999528e-5	3.301601e-6
2.2447999528e-5	-1.456878e-5
2.2463999527e-5	9.613294e-6
2.2479999527e-5	-6.811532e-6
2.2495999527e-5	-2.645985e-5
2.2511999526e-5	-6.399614e-5
2.2527999526e-5	-3.536463e-5
2.2543999526e-5	-3.317928e-5
2.2559999525e-5	-2.474321e-5
2.2575999525e-5	-2.203187e-5
2.2591999525e-5	-4.808342e-5
2.2607999524e-5	-7.029975e-5
2.2623999524e-5	-7.945832e-5
2.2639999524e-5	-7.227551e-5
2.2655999523e-5	-0.0001065271
2.2671999523e-5	-8.703435e-5
2.2687999523e-5	-8.304787e-5
2.2703999522e-5	-0.0001027399
2.2719999522e-5	-0.0001156774
2.2735999522e-5	-0.0001096789
2.2751999521e-5	-9.833486e-5
2.2767999521e-5	-7.007345e-5
2.2783999521e-5	-6.132247e-5
2.279999952e-5	-8.76649e-5
2.281599952e-5	-4.79604e-5
2.283199952e-5	-6.918787e-5
2.2847999519e-5	-6.220562e-5
2.2863999519e-5	-6.480522e-5
2.2879999519e-5	-3.838548e-5
2.2895999518e-5	-4.332291e-5
2.2911999518e-5	-3.478269e-5
2.2927999518e-5	-2.172485e-5
2.2943999517e-5	-1.057692e-5
2.2959999517e-5	-4.450358e-5
2.2975999517e-5	-6.603436e-5
2.2991999516e-5	-7.630707e-5
2.3007999516e-5	-0.0001103819
2.3023999516e-5	-8.835914e-5
2.3039999515e-5	-8.030376e-5
2.3055999515e-5	-3.875314e-5
2.3071999515e-5	-4.682287e-5
2.3087999514e-5	-5.805176e-5
2.3103999514e-5	-5.591227e-5
2.3119999514e-5	-4.526371e-5
2.3135999513e-5	3.380959e-6
2.3151999513e-5	4.384591e-5
2.3167999513e-5	5.244114e-5
2.3183999512e-5	8.815785e-5
2.3199999512e-5	0.0001171752
2.3215999512e-5	0.0001363737
2.3231999511e-5	0.000145378
2.3247999511e-5	0.0001262208
2.3263999511e-5	0.0001188932
2.327999951e-5	3.775287e-5
2.329599951e-5	9.326971e-5
2.331199951e-5	6.290252e-5
2.3327999509e-5	7.804664e-5
2.3343999509e-5	6.50084e-5
2.3359999508e-5	6.771846e-5
2.3375999508e-5	7.962626e-5
2.3391999508e-5	9.522116e-5
2.3407999507e-5	0.0001194505
2.3423999507e-5	0.0001167673
2.3439999507e-5	0.0001467816
2.3455999506e-5	0.0001597269
2.3471999506e-5	0.0002019996
2.3487999506e-5	0.0002120785
2.3503999505e-5	0.0001999732
2.3519999505e-5	0.0001658603
2.3535999505e-5	0.0001239667
2.3551999504e-5	0.0001425217
2.3567999504e-5	0.0001230977
2.3583999504e-5	6.550307e-5
2.3599999503e-5	-7.230367e-7
2.3615999503e-5	-2.972698e-5
2.3631999503e-5	-5.216472e-5
2.3647999502e-5	-7.758327e-5
2.3663999502e-5	-7.426985e-5
2.3679999502e-5	-8.90939e-5
2.3695999501e-5	-7.834008e-5
2.3711999501e-5	-7.912422e-5
2.3727999501e-5	-7.065424e-5
2.37439995e-5	-8.814163e-5
2.37599995e-5	-0.0001169614
2.37759995e-5	-0.0001450924
2.3791999499e-5	-0.0001349461
2.3807999499e-5	-0.0001386525
2.3823999499e-5	-0.0001125378
2.3839999498e-5	-0.0001052064
2.3855999498e-5	-8.157091e-5
2.3871999498e-5	-6.303628e-5
2.3887999497e-5	-4.578779e-5
2.3903999497e-5	-3.526053e-5
2.3919999497e-5	-1.459446e-5
2.3935999496e-5	-1.634344e-5
2.3951999496e-5	1.199205e-5
2.3967999496e-5	-5.96262e-6
2.3983999495e-5	-1.132735e-5
2.3999999495e-5	2.746829e-5
2.4015999495e-5	3.000263e-5
2.4031999494e-5	1.592826e-5
2.4047999494e-5	1.149458e-5
2.4063999494e-5	8.421227e-7
2.4079999493e-5	-1.39957e-5
2.4095999493e-5	-3.638448e-5
2.4111999493e-5	-6.098056e-5
2.4127999492e-5	-6.215223e-5
2.4143999492e-5	-5.354421e-5
2.4159999492e-5	-5.765927e-5
2.4175999491e-5	-2.861465e-5
2.4191999491e-5	-2.523283e-5
2.4207999491e-5	-4.813267e-5
2.422399949e-5	-3.704707e-5
2.423999949e-5	1.798573e-5
2.425599949e-5	4.253292e-5
2.4271999489e-5	4.885988e-5
2.4287999489e-5	8.675118e-5
2.4303999489e-5	9.780437e-5
2.4319999488e-5	0.0001260445
2.4335999488e-5	0.0001177083
2.4351999488e-5	0.0001424738
2.4367999487e-5	0.0001744473
2.4383999487e-5	0.0001792588
2.4399999487e-5	0.0001260564
2.4415999486e-5	0.000138668
2.4431999486e-5	0.0001641291
2.4447999486e-5	0.0001427351
2.4463999485e-5	0.0001348288
2.4479999485e-5	0.0001459022
2.4495999485e-5	0.0001132901
2.4511999484e-5	5.763404e-5
2.4527999484e-5	4.891003e-5
2.4543999484e-5	5.792721e-5
2.4559999483e-5	5.271472e-5
2.4575999483e-5	3.950514e-5
2.4591999483e-5	-8.254057e-6
2.4607999482e-5	-3.265096e-5
2.4623999482e-5	-6.574331e-5
2.4639999482e-5	-0.0001104626
2.4655999481e-5	-0.0001332884
2.4671999481e-5	-0.0001756079
2.4687999481e-5	-0.000171136
2.470399948e-5	-0.0001547321
2.471999948e-5	-0.0001627929
2.473599948e-5	-0.0001583768
2.4751999479e-5	-0.0001913126
2.4767999479e-5	-0.0001907904
2.4783999479e-5	-0.0001894451
2.4799999478e-5	-0.0001936239
2.4815999478e-5	-0.0001890985
2.4831999478e-5	-0.0001681426
2.4847999477e-5	-0.0001242526
2.4863999477e-5	-0.0001134966
2.4879999477e-5	-8.951419e-5
2.4895999476e-5	-9.333972e-5
2.4911999476e-5	-8.778293e-5
2.4927999476e-5	-9.035871e-5
2.4943999475e-5	-0.0001182649
2.4959999475e-5	-8.581634e-5
2.4975999474e-5	-5.979582e-5
2.4991999474e-5	-5.684993e-5
2.5007999474e-5	-3.626139e-5
2.5023999473e-5	7.296112e-6
2.5039999473e-5	5.646327e-5
2.5055999473e-5	5.325642e-5
2.5071999472e-5	3.9317e-5
2.5087999472e-5	3.770972e-5
2.5103999472e-5	5.988371e-5
2.5119999471e-5	6.18185e-5
2.5135999471e-5	8.966112e-5
2.5151999471e-5	8.635331e-5
2.516799947e-5	8.709887e-5
2.518399947e-5	9.688531e-5
2.519999947e-5	5.117562e-5
2.5215999469e-5	5.107484e-5
2.5231999469e-5	1.584832e-5
2.5247999469e-5	4.642544e-5
2.5263999468e-5	5.745748e-5
2.5279999468e-5	8.022587e-5
2.5295999468e-5	8.949717e-5
2.5311999467e-5	0.0001180471
2.5327999467e-5	0.0001409021
2.5343999467e-5	0.0001751612
2.5359999466e-5	0.0001660072
2.5375999466e-5	0.0001924479
2.5391999466e-5	0.0002566008
2.5407999465e-5	0.0002328791
2.5423999465e-5	0.0001885668
2.5439999465e-5	0.0001635705
2.5455999464e-5	0.0001404763
2.5471999464e-5	0.0001449645
2.5487999464e-5	0.000141933
2.5503999463e-5	0.0001405914
2.5519999463e-5	0.0001130743
2.5535999463e-5	5.58248e-5
2.5551999462e-5	2.019222e-5
2.5567999462e-5	-2.801305e-5
2.5583999462e-5	-8.538298e-5
2.5599999461e-5	-0.0001437834
2.5615999461e-5	-0.0001496078
2.5631999461e-5	-0.0001373448
2.564799946e-5	-0.0001344311
2.566399946e-5	-0.0001725157
2.567999946e-5	-0.0002108229
2.5695999459e-5	-0.0002322772
2.5711999459e-5	-0.0002138805
2.5727999459e-5	-0.0001907165
2.5743999458e-5	-0.0001756327
2.5759999458e-5	-0.0001423393
2.5775999458e-5	-0.000101371
2.5791999457e-5	-7.481597e-5
2.5807999457e-5	-5.74398e-5
2.5823999457e-5	-5.717551e-5
2.5839999456e-5	-1.307772e-5
2.5855999456e-5	-4.463192e-5
2.5871999456e-5	-4.772426e-5
2.5887999455e-5	-4.427596e-5
2.5903999455e-5	-2.022209e-5
2.5919999455e-5	-1.429224e-5
2.5935999454e-5	-1.705733e-5
2.5951999454e-5	7.559438e-6
2.5967999454e-5	-1.349646e-5
2.5983999453e-5	-2.263541e-5
2.5999999453e-5	-1.525143e-5
2.6015999453e-5	-5.374887e-5
2.6031999452e-5	-4.623437e-5
2.6047999452e-5	-4.134379e-5
2.6063999452e-5	-7.670447e-5
2.6079999451e-5	-7.308841e-5
2.6095999451e-5	-4.920089e-5
2.6111999451e-5	-5.760862e-5
2.612799945e-5	-3.072916e-5
2.614399945e-5	-2.358699e-5
2.615999945e-5	-5.457639e-6
2.6175999449e-5	-1.760659e-5
2.6191999449e-5	3.148752e-5
2.6207999449e-5	3.245984e-5
2.6223999448e-5	3.141339e-5
2.6239999448e-5	6.072041e-5
2.6255999448e-5	0.0001088004
2.6271999447e-5	0.0001210569
2.6287999447e-5	0.0001199068
2.6303999447e-5	0.0001178349
2.6319999446e-5	0.0001196609
2.6335999446e-5	0.0001319147
2.6351999446e-5	8.62756e-5
2.6367999445e-5	7.676268e-5
2.6383999445e-5	0.0001047732
2.6399999445e-5	9.766623e-5
2.6415999444e-5	0.0001087852
2.6431999444e-5	0.0001100926
2.6447999444e-5	8.779072e-5
2.6463999443e-5	8.193456e-5
2.6479999443e-5	5.381525e-5
2.6495999443e-5	-6.794515e-7
2.6511999442e-5	-1.346791e-5
2.6527999442e-5	-1.592055e-5
2.6543999442e-5	-2.59813e-5
2.6559999441e-5	-4.555376e-5
2.6575999441e-5	-2.417551e-5
2.659199944e-5	-4.106741e-6
2.660799944e-5	2.482758e-5
2.662399944e-5	3.032795e-5
2.6639999439e-5	5.727134e-8
2.6655999439e-5	-4.032716e-5
2.6671999439e-5	-5.044918e-5
2.6687999438e-5	-6.563456e-5
2.6703999438e-5	-4.442744e-5
2.6719999438e-5	-3.243378e-5
2.6735999437e-5	-2.713023e-5
2.6751999437e-5	-8.000213e-6
2.6767999437e-5	-1.788595e-5
2.6783999436e-5	-3.914478e-5
2.6799999436e-5	-4.704527e-5
2.6815999436e-5	-4.421017e-5
2.6831999435e-5	-1.234926e-5
2.6847999435e-5	-2.275308e-5
2.6863999435e-5	-2.990236e-5
2.6879999434e-5	-3.351711e-5
2.6895999434e-5	-3.372719e-5
2.6911999434e-5	-4.819073e-5
2.6927999433e-5	-9.196863e-5
2.6943999433e-5	-7.118762e-5
2.6959999433e-5	-8.979348e-5
2.6975999432e-5	-9.793432e-5
2.6991999432e-5	-0.0001068783
2.7007999432e-5	-0.000129956
2.7023999431e-5	-0.0001183696
2.7039999431e-5	-0.000133293
2.7055999431e-5	-0.0001445088
2.707199943e-5	-9.55183e-5
2.708799943e-5	-0.0001337678
2.710399943e-5	-9.942429e-5
2.7119999429e-5	-0.0001086147
2.7135999429e-5	-0.0001233818
2.7151999429e-5	-0.0001167717
2.7167999428e-5	-6.892286e-5
2.7183999428e-5	-4.517865e-5
2.7199999428e-5	-3.400564e-5
2.7215999427e-5	-2.089215e-5
2.7231999427e-5	-1.305156e-5
2.7247999427e-5	2.867781e-5
2.7263999426e-5	3.915235e-5
2.7279999426e-5	6.024246e-5
2.7295999426e-5	9.34171e-5
2.7311999425e-5	9.481272e-5
2.7327999425e-5	7.619419e-5
2.7343999425e-5	0.000112234
2.7359999424e-5	0.000100775
2.7375999424e-5	0.0001145385
2.7391999424e-5	0.0001299431
2.7407999423e-5	0.000118725
2.7423999423e-5	0.0001021447
2.7439999423e-5	0.0001154983
2.7455999422e-5	0.0001131241
2.7471999422e-5	9.594323e-5
2.7487999422e-5	8.33197e-5
2.7503999421e-5	0.0001129353
2.7519999421e-5	9.44584e-5
2.7535999421e-5	8.364744e-5
2.755199942e-5	7.224547e-5
2.756799942e-5	4.522541e-5
2.758399942e-5	1.453432e-5
2.7599999419e-5	2.065828e-6
2.7615999419e-5	-1.044213e-5
2.7631999419e-5	2.363179e-6
2.7647999418e-5	-2.214079e-5
2.7663999418e-5	-1.215293e-5
2.7679999418e-5	2.491087e-6
2.7695999417e-5	-2.356084e-5
2.7711999417e-5	-2.869975e-6
2.7727999417e-5	2.653594e-5
2.7743999416e-5	6.123149e-6
2.7759999416e-5	-3.483665e-5
2.7775999416e-5	-3.760379e-5
2.7791999415e-5	-5.908388e-5
2.7807999415e-5	-5.022031e-5
2.7823999415e-5	-4.074056e-5
2.7839999414e-5	-1.69252e-5
2.7855999414e-5	-5.810618e-5
2.7871999414e-5	-6.22632e-5
2.7887999413e-5	-8.679111e-5
2.7903999413e-5	-9.508255e-5
2.7919999413e-5	-8.474933e-5
2.7935999412e-5	-7.256075e-5
2.7951999412e-5	-4.238662e-5
2.7967999412e-5	-6.822622e-5
2.7983999411e-5	-6.981323e-5
2.7999999411e-5	-7.186651e-5
2.8015999411e-5	-9.680317e-5
2.803199941e-5	-8.965794e-5
2.804799941e-5	-6.872865e-5
2.806399941e-5	-6.217946e-5
2.8079999409e-5	-6.678526e-5
2.8095999409e-5	-6.199363e-5
2.8111999409e-5	-2.6111e-5
2.8127999408e-5	-2.840046e-5
2.8143999408e-5	-2.506704e-5
2.8159999408e-5	-1.890964e-5
2.8175999407e-5	-9.117281e-6
2.8191999407e-5	-4.97228e-6
2.8207999406e-5	6.686013e-6
2.8223999406e-5	8.840648e-6
2.8239999406e-5	3.253171e-5
2.8255999405e-5	7.33457e-5
2.8271999405e-5	5.946498e-5
2.8287999405e-5	9.607132e-5
2.8303999404e-5	0.0001224382
2.8319999404e-5	0.0001105535
2.8335999404e-5	0.0001194204
2.8351999403e-5	0.0001241429
2.8367999403e-5	0.0001653243
2.8383999403e-5	0.0001651492
2.8399999402e-5	0.0001326384
2.8415999402e-5	0.000100669
2.8431999402e-5	9.009095e-5
2.8447999401e-5	4.120545e-5
2.8463999401e-5	3.003222e-5
2.8479999401e-5	-2.240106e-5
2.84959994e-5	-4.270676e-5
2.85119994e-5	-4.138171e-5
2.85279994e-5	-3.001842e-5
2.8543999399e-5	-4.929287e-5
2.8559999399e-5	-3.093222e-5
2.8575999399e-5	-2.930788e-5
2.8591999398e-5	-8.556944e-5
2.8607999398e-5	-4.886074e-5
2.8623999398e-5	-4.011499e-5
2.8639999397e-5	-2.790447e-5
2.8655999397e-5	-1.229966e-5
2.8671999397e-5	-2.692699e-5
2.8687999396e-5	7.538201e-6
2.8703999396e-5	-4.766326e-5
2.8719999396e-5	-1.391214e-5
2.8735999395e-5	-3.655625e-5
2.8751999395e-5	-2.139695e-5
2.8767999395e-5	-1.537711e-5
2.8783999394e-5	-6.442932e-6
2.8799999394e-5	-3.735851e-5
2.8815999394e-5	-7.988824e-5
2.8831999393e-5	-9.255306e-5
2.8847999393e-5	-9.108163e-5
2.8863999393e-5	-0.0001041629
2.8879999392e-5	-0.0001022732
2.8895999392e-5	-8.243522e-5
2.8911999392e-5	-0.0001059998
2.8927999391e-5	-0.0001200867
2.8943999391e-5	-0.0001008348
2.8959999391e-5	-6.52403e-5
2.897599939e-5	-7.028808e-5
2.899199939e-5	-8.178226e-5
2.900799939e-5	-5.230171e-5
2.9023999389e-5	-8.333763e-5
2.9039999389e-5	-6.512084e-5
2.9055999389e-5	-1.617221e-5
2.9071999388e-5	-1.541701e-5
2.9087999388e-5	-1.72405e-5
2.9103999388e-5	-2.078001e-5
2.9119999387e-5	-1.78928e-5
2.9135999387e-5	-1.483186e-5
2.9151999387e-5	4.713387e-6
2.9167999386e-5	-1.776344e-5
2.9183999386e-5	-3.210421e-5
2.9199999386e-5	-2.928756e-5
2.9215999385e-5	-1.668758e-5
2.9231999385e-5	7.514749e-7
2.9247999385e-5	4.533329e-5
2.9263999384e-5	5.989126e-5
2.9279999384e-5	5.667369e-5
2.9295999384e-5	4.205846e-5
2.9311999383e-5	6.23549e-5
2.9327999383e-5	4.555004e-5
2.9343999383e-5	1.212784e-5
2.9359999382e-5	3.688288e-5
2.9375999382e-5	1.195877e-5
2.9391999382e-5	3.499959e-5
2.9407999381e-5	5.995812e-5
2.9423999381e-5	8.061823e-5
2.9439999381e-5	6.916198e-5
2.945599938e-5	8.321156e-5
2.947199938e-5	6.590552e-5
2.948799938e-5	6.946472e-5
2.9503999379e-5	8.847137e-5
2.9519999379e-5	9.134892e-5
2.9535999379e-5	0.0001013504
2.9551999378e-5	0.0001056839
2.9567999378e-5	9.784924e-5
2.9583999378e-5	6.361467e-5
2.9599999377e-5	8.113548e-5
2.9615999377e-5	7.066056e-5
2.9631999377e-5	5.305271e-5
2.9647999376e-5	8.842064e-5
2.9663999376e-5	0.0001015654
2.9679999376e-5	0.00013269
2.9695999375e-5	9.884073e-5
2.9711999375e-5	6.252502e-5
2.9727999375e-5	5.544036e-5
2.9743999374e-5	2.837558e-5
2.9759999374e-5	3.284213e-5
2.9775999374e-5	1.481499e-5
2.9791999373e-5	-2.979322e-5
2.9807999373e-5	-4.388937e-5
2.9823999372e-5	-5.2086e-5
2.9839999372e-5	-1.491643e-5
2.9855999372e-5	-6.746122e-5
2.9871999371e-5	-7.796616e-5
2.9887999371e-5	-9.528492e-5
2.9903999371e-5	-0.0001111184
2.991999937e-5	-9.535922e-5
2.993599937e-5	-0.0001241923
2.995199937e-5	-0.0001560466
2.9967999369e-5	-0.0001636239
2.9983999369e-5	-0.0001700817
2.9999999369e-5	-0.0001797415
3.0015999368e-5	-0.0001779297
3.0031999368e-5	-0.0001791829
3.0047999368e-5	-0.000147363
3.0063999367e-5	-8.70854e-5
3.0079999367e-5	-5.480828e-5
3.0095999367e-5	-2.826382e-5
3.0111999366e-5	1.937871e-5
3.0127999366e-5	7.605689e-5
3.0143999366e-5	9.057616e-5
3.0159999365e-5	0.0001102957
3.0175999365e-5	0.0001271562
3.0191999365e-5	0.0001339521
3.0207999364e-5	0.0001240883
3.0223999364e-5	9.730119e-5
3.0239999364e-5	5.147919e-5
3.0255999363e-5	6.049158e-5
3.0271999363e-5	3.486386e-5
3.0287999363e-5	7.524521e-5
3.0303999362e-5	6.810964e-5
3.0319999362e-5	4.552196e-5
3.0335999362e-5	1.128278e-5
3.0351999361e-5	-3.419663e-5
3.0367999361e-5	1.89101e-6
3.0383999361e-5	2.0496e-5
3.039999936e-5	4.670351e-5
3.041599936e-5	3.741689e-5
3.043199936e-5	5.103159e-5
3.0447999359e-5	4.803002e-5
3.0463999359e-5	4.634444e-5
3.0479999359e-5	2.954558e-5
3.0495999358e-5	3.010888e-5
3.0511999358e-5	6.572314e-5
3.0527999358e-5	3.678785e-5
3.0543999357e-5	4.617564e-5
3.0559999357e-5	0.0001060562
3.0575999357e-5	6.728649e-5
3.0591999356e-5	5.688527e-5
3.0607999356e-5	4.63096e-5
3.0623999356e-5	1.848267e-5
3.0639999355e-5	4.708342e-5
3.0655999355e-5	2.636442e-5
3.0671999355e-5	1.787072e-5
3.0687999354e-5	2.124107e-5
3.0703999354e-5	2.820259e-5
3.0719999354e-5	7.596834e-7
3.0735999353e-5	-5.562421e-6
3.0751999353e-5	2.047058e-5
3.0767999353e-5	4.869227e-5
3.0783999352e-5	5.636824e-5
3.0799999352e-5	7.208184e-6
3.0815999352e-5	-3.598633e-5
3.0831999351e-5	-4.846887e-5
3.0847999351e-5	-6.296732e-5
3.0863999351e-5	-7.210796e-5
3.087999935e-5	-5.892658e-5
3.089599935e-5	-4.14208e-5
3.091199935e-5	-7.196287e-5
3.0927999349e-5	-0.0001119725
3.0943999349e-5	-0.0001080735
3.0959999349e-5	-0.0001010398
3.0975999348e-5	-0.0001124591
3.0991999348e-5	-0.0001391417
3.1007999348e-5	-0.0001402313
3.1023999347e-5	-0.0001372698
3.1039999347e-5	-0.0001317488
3.1055999347e-5	-6.71649e-5
3.1071999346e-5	-2.468693e-5
3.1087999346e-5	-4.661086e-6
3.1103999346e-5	-4.117486e-5
3.1119999345e-5	2.186423e-5
3.1135999345e-5	2.131116e-5
3.1151999345e-5	1.543501e-5
3.1167999344e-5	-1.644256e-5
3.1183999344e-5	-4.281813e-6
3.1199999344e-5	1.766787e-5
3.1215999343e-5	4.65085e-5
3.1231999343e-5	5.788402e-5
3.1247999343e-5	4.210254e-5
3.1263999342e-5	4.71438e-5
3.1279999342e-5	1.220762e-5
3.1295999342e-5	-7.37968e-6
3.1311999341e-5	-4.088793e-5
3.1327999341e-5	-0.000121765
3.1343999341e-5	-0.0001327423
3.135999934e-5	-0.000142395
3.137599934e-5	-0.0001139273
3.139199934e-5	-0.0001275542
3.1407999339e-5	-9.020547e-5
3.1423999339e-5	-0.00010567
3.1439999338e-5	-0.0001012058
3.1455999338e-5	-7.317816e-5
3.1471999338e-5	-6.435755e-5
3.1487999337e-5	-4.112415e-5
3.1503999337e-5	1.009716e-5
3.1519999337e-5	5.530765e-5
3.1535999336e-5	6.815817e-5
3.1551999336e-5	0.0001240377
3.1567999336e-5	0.000153239
3.1583999335e-5	0.0002221054
3.1599999335e-5	0.000219466
3.1615999335e-5	0.0002583488
3.1631999334e-5	0.0002953677
3.1647999334e-5	0.0002894487
3.1663999334e-5	0.0003001494
3.1679999333e-5	0.0002818712
3.1695999333e-5	0.0002581012
3.1711999333e-5	0.0002065855
3.1727999332e-5	0.0001866027
3.1743999332e-5	0.0001240762
3.1759999332e-5	8.545243e-5
3.1775999331e-5	9.1144e-5
3.1791999331e-5	3.999153e-5
3.1807999331e-5	-1.168334e-5
3.182399933e-5	-3.733536e-5
3.183999933e-5	-5.775295e-5
3.185599933e-5	-0.0001173621
3.1871999329e-5	-0.0001271409
3.1887999329e-5	-0.0001598169
3.1903999329e-5	-0.0001948828
3.1919999328e-5	-0.0002591222
3.1935999328e-5	-0.0001895525
3.1951999328e-5	-0.00018154
3.1967999327e-5	-0.0001938632
3.1983999327e-5	-0.0001508377
3.1999999327e-5	-0.0001846958
3.2015999326e-5	-0.000139609
3.2031999326e-5	-0.0001199272
3.2047999326e-5	-0.0001374433
3.2063999325e-5	-8.12611e-5
3.2079999325e-5	-8.374967e-5
3.2095999325e-5	-7.622722e-5
3.2111999324e-5	-5.74517e-5
3.2127999324e-5	-6.156146e-5
3.2143999324e-5	-2.345885e-5
3.2159999323e-5	3.024053e-7
3.2175999323e-5	1.739491e-5
3.2191999323e-5	1.037094e-5
3.2207999322e-5	-3.195128e-5
3.2223999322e-5	-3.714956e-5
3.2239999322e-5	-1.548548e-5
3.2255999321e-5	2.348086e-5
3.2271999321e-5	2.095484e-5
3.2287999321e-5	-7.323184e-6
3.230399932e-5	-3.911655e-5
3.231999932e-5	-2.404972e-5
3.233599932e-5	-1.249711e-5
3.2351999319e-5	-1.682239e-5
3.2367999319e-5	-3.228361e-5
3.2383999319e-5	-1.226226e-5
3.2399999318e-5	-1.042767e-6
3.2415999318e-5	-5.123341e-6
3.2431999318e-5	-8.797489e-6
3.2447999317e-5	-6.417737e-6
3.2463999317e-5	-5.414822e-6
3.2479999317e-5	3.610474e-5
3.2495999316e-5	5.570435e-5
3.2511999316e-5	4.954472e-5
3.2527999316e-5	7.147682e-5
3.2543999315e-5	0.0001057437
3.2559999315e-5	9.47061e-5
3.2575999315e-5	8.524409e-5
3.2591999314e-5	8.799783e-5
3.2607999314e-5	9.212084e-5
3.2623999314e-5	0.0001393684
3.2639999313e-5	0.0001345408
3.2655999313e-5	9.25764e-5
3.2671999313e-5	0.0001014957
3.2687999312e-5	8.748804e-5
3.2703999312e-5	5.967539e-5
3.2719999312e-5	3.185464e-5
3.2735999311e-5	-1.135476e-5
3.2751999311e-5	-1.608489e-5
3.2767999311e-5	-4.269596e-5
3.278399931e-5	-2.521005e-5
3.279999931e-5	-2.800764e-5
3.281599931e-5	-4.569961e-5
3.2831999309e-5	-3.789054e-5
3.2847999309e-5	-4.263681e-6
3.2863999309e-5	-1.445354e-5
3.2879999308e-5	-4.161925e-5
3.2895999308e-5	-2.028483e-5
3.2911999308e-5	-1.015637e-5
3.2927999307e-5	-4.002331e-5
3.2943999307e-5	-6.563668e-5
3.2959999307e-5	-2.520048e-5
3.2975999306e-5	2.72241e-6
3.2991999306e-5	-9.495348e-8
3.3007999305e-5	8.568124e-6
3.3023999305e-5	-4.193457e-5
3.3039999305e-5	-1.188387e-5
3.3055999304e-5	-2.93277e-5
3.3071999304e-5	-4.266432e-5
3.3087999304e-5	-3.291048e-6
3.3103999303e-5	-3.245403e-5
3.3119999303e-5	-3.150393e-5
3.3135999303e-5	-2.798509e-5
3.3151999302e-5	-3.691323e-5
3.3167999302e-5	-5.229597e-5
3.3183999302e-5	-5.326974e-5
3.3199999301e-5	-9.040217e-5
3.3215999301e-5	-9.794189e-5
3.3231999301e-5	-0.0001392035
3.32479993e-5	-0.0001352286
3.32639993e-5	-7.793472e-5
3.32799993e-5	-3.450356e-5
3.3295999299e-5	-4.923229e-5
3.3311999299e-5	-4.404073e-5
3.3327999299e-5	-7.148011e-5
3.3343999298e-5	-6.169915e-5
3.3359999298e-5	-4.613642e-5
3.3375999298e-5	-3.663062e-5
3.3391999297e-5	2.142023e-5
3.3407999297e-5	3.124396e-5
3.3423999297e-5	8.512009e-5
3.3439999296e-5	0.0001357892
3.3455999296e-5	0.000105815
3.3471999296e-5	8.544661e-5
3.3487999295e-5	0.0001030377
3.3503999295e-5	7.726079e-5
3.3519999295e-5	4.159067e-5
3.3535999294e-5	1.038621e-5
3.3551999294e-5	1.24251e-5
3.3567999294e-5	2.580713e-5
3.3583999293e-5	4.107811e-5
3.3599999293e-5	2.656906e-5
3.3615999293e-5	1.299109e-5
3.3631999292e-5	-1.654084e-6
3.3647999292e-5	2.183552e-5
3.3663999292e-5	3.868459e-5
3.3679999291e-5	5.84492e-5
3.3695999291e-5	5.954095e-5
3.3711999291e-5	4.102378e-5
3.372799929e-5	4.517621e-5
3.374399929e-5	5.623357e-5
3.375999929e-5	4.994305e-5
3.3775999289e-5	7.884655e-5
3.3791999289e-5	6.773765e-5
3.3807999289e-5	6.819574e-5
3.3823999288e-5	2.761766e-5
3.3839999288e-5	2.585352e-5
3.3855999288e-5	2.160178e-5
3.3871999287e-5	-2.704888e-5
3.3887999287e-5	-2.568523e-5
3.3903999287e-5	2.266083e-6
3.3919999286e-5	2.830512e-5
3.3935999286e-5	4.74169e-6
3.3951999286e-5	-1.451318e-5
3.3967999285e-5	-1.564554e-5
3.3983999285e-5	-3.080866e-5
3.3999999285e-5	-2.29492e-5
3.4015999284e-5	-2.986469e-5
3.4031999284e-5	-2.481274e-5
3.4047999284e-5	-3.208732e-5
3.4063999283e-5	1.500789e-5
3.4079999283e-5	3.59065e-5
3.4095999283e-5	-2.091874e-6
3.4111999282e-5	-3.714929e-5
3.4127999282e-5	-5.601916e-5
3.4143999282e-5	-6.460424e-5
3.4159999281e-5	-7.120427e-5
3.4175999281e-5	-6.737356e-5
3.4191999281e-5	-8.074183e-5
3.420799928e-5	-7.556757e-5
3.422399928e-5	-4.692244e-5
3.423999928e-5	-5.485676e-5
3.4255999279e-5	-4.034857e-5
3.4271999279e-5	-2.479122e-5
3.4287999279e-5	1.276841e-5
3.4303999278e-5	1.958513e-5
3.4319999278e-5	-2.043649e-5
3.4335999278e-5	2.225144e-5
3.4351999277e-5	4.086679e-5
3.4367999277e-5	9.620146e-5
3.4383999277e-5	3.99032e-5
3.4399999276e-5	1.468585e-5
3.4415999276e-5	1.811744e-5
3.4431999276e-5	2.384231e-5
3.4447999275e-5	6.535908e-6
3.4463999275e-5	-3.155861e-6
3.4479999275e-5	-5.926243e-6
3.4495999274e-5	-2.932563e-5
3.4511999274e-5	-2.375344e-5
3.4527999274e-5	-1.4698e-5
3.4543999273e-5	-2.573078e-5
3.4559999273e-5	-5.331063e-5
3.4575999273e-5	-1.923076e-5
3.4591999272e-5	-1.268123e-5
3.4607999272e-5	6.678656e-6
3.4623999271e-5	-8.836346e-6
3.4639999271e-5	8.828365e-7
3.4655999271e-5	3.167863e-5
3.467199927e-5	3.295718e-5
3.468799927e-5	4.082024e-5
3.470399927e-5	4.475041e-5
3.4719999269e-5	8.428577e-5
3.4735999269e-5	9.202333e-5
3.4751999269e-5	9.514256e-5
3.4767999268e-5	0.0001120663
3.4783999268e-5	6.424302e-5
3.4799999268e-5	4.233811e-5
3.4815999267e-5	3.079246e-5
3.4831999267e-5	6.251602e-5
3.4847999267e-5	2.723662e-5
3.4863999266e-5	-2.35416e-5
3.4879999266e-5	-1.655974e-5
3.4895999266e-5	-3.595244e-5
3.4911999265e-5	-7.087918e-5
3.4927999265e-5	-4.053779e-5
3.4943999265e-5	-2.560959e-5
3.4959999264e-5	6.360975e-6
3.4975999264e-5	1.18392e-5
3.4991999264e-5	5.92963e-5
3.5007999263e-5	4.244492e-5
3.5023999263e-5	4.156488e-5
3.5039999263e-5	2.628375e-5
3.5055999262e-5	3.398717e-5
3.5071999262e-5	3.132204e-5
3.5087999262e-5	8.240213e-6
3.5103999261e-5	1.131822e-6
3.5119999261e-5	2.894446e-5
3.5135999261e-5	2.618722e-5
3.515199926e-5	-2.000879e-5
3.516799926e-5	-6.055545e-5
3.518399926e-5	-0.0001007616
3.5199999259e-5	-0.0001334487
3.5215999259e-5	-0.0001178503
3.5231999259e-5	-9.329474e-5
3.5247999258e-5	-0.0001064937
3.5263999258e-5	-0.0001358593
3.5279999258e-5	-0.0001428475
3.5295999257e-5	-0.0001160774
3.5311999257e-5	-0.0001155857
3.5327999257e-5	-8.824334e-5
3.5343999256e-5	-0.0001199951
3.5359999256e-5	-8.656308e-5
3.5375999256e-5	-5.34754e-5
3.5391999255e-5	1.112862e-5
3.5407999255e-5	3.002021e-5
3.5423999255e-5	2.549943e-5
3.5439999254e-5	3.473851e-5
3.5455999254e-5	3.477872e-5
3.5471999254e-5	2.0968e-5
3.5487999253e-5	1.046639e-5
3.5503999253e-5	2.024572e-5
3.5519999253e-5	2.884693e-5
3.5535999252e-5	9.996842e-6
3.5551999252e-5	-1.326638e-5
3.5567999252e-5	7.522613e-6
3.5583999251e-5	-1.114494e-5
3.5599999251e-5	-4.846577e-5
3.5615999251e-5	-2.637959e-5
3.563199925e-5	2.67619e-6
3.564799925e-5	-2.58129e-5
3.566399925e-5	1.829247e-5
3.5679999249e-5	-2.267659e-5
3.5695999249e-5	4.835979e-6
3.5711999249e-5	1.283605e-5
3.5727999248e-5	2.217158e-5
3.5743999248e-5	3.50115e-5
3.5759999248e-5	3.761478e-5
3.5775999247e-5	4.230331e-5
3.5791999247e-5	7.086487e-5
3.5807999247e-5	6.561841e-5
3.5823999246e-5	6.686577e-5
3.5839999246e-5	5.471119e-5
3.5855999246e-5	5.763714e-5
3.5871999245e-5	5.967813e-5
3.5887999245e-5	0.0001013931
3.5903999245e-5	0.0001093868
3.5919999244e-5	7.011061e-5
3.5935999244e-5	4.345809e-5
3.5951999244e-5	6.245628e-5
3.5967999243e-5	2.579071e-5
3.5983999243e-5	2.335038e-5
3.5999999243e-5	1.30478e-6
3.6015999242e-5	9.909235e-6
3.6031999242e-5	2.249438e-5
3.6047999242e-5	3.797213e-5
3.6063999241e-5	2.971365e-5
3.6079999241e-5	9.457374e-6
3.6095999241e-5	3.886433e-5
3.611199924e-5	5.610948e-5
3.612799924e-5	3.987898e-5
3.614399924e-5	7.835471e-5
3.6159999239e-5	7.025698e-5
3.6175999239e-5	5.330781e-5
3.6191999239e-5	5.246789e-5
3.6207999238e-5	7.033929e-5
3.6223999238e-5	8.460586e-5
3.6239999237e-5	4.972935e-5
3.6255999237e-5	3.939798e-5
3.6271999237e-5	1.690112e-7
3.6287999236e-5	2.011719e-5
3.6303999236e-5	3.266301e-5
3.6319999236e-5	1.246952e-5
3.6335999235e-5	3.188615e-5
3.6351999235e-5	9.596853e-6
3.6367999235e-5	1.284912e-5
3.6383999234e-5	-4.795637e-5
3.6399999234e-5	-8.866041e-5
3.6415999234e-5	-0.0001078644
3.6431999233e-5	-0.0001062201
3.6447999233e-5	-0.0001265317
3.6463999233e-5	-0.0001504278
3.6479999232e-5	-0.0001148192
3.6495999232e-5	-0.0001029266
3.6511999232e-5	-0.0001383807
3.6527999231e-5	-9.632539e-5
3.6543999231e-5	-0.0001018869
3.6559999231e-5	-4.684334e-5
3.657599923e-5	-4.657008e-5
3.659199923e-5	-4.125358e-5
3.660799923e-5	-2.951002e-5
3.6623999229e-5	2.145253e-5
3.6639999229e-5	3.71341e-5
3.6655999229e-5	8.297301e-5
3.6671999228e-5	0.0001215595
3.6687999228e-5	0.0001185201
3.6703999228e-5	0.0001732429
3.6719999227e-5	0.0001769968
3.6735999227e-5	0.0001583064
3.6751999227e-5	0.0001182673
3.6767999226e-5	0.0001363484
3.6783999226e-5	0.0001252461
3.6799999226e-5	0.0001194568
3.6815999225e-5	0.0001113847
3.6831999225e-5	6.54512e-5
3.6847999225e-5	5.443578e-5
3.6863999224e-5	-1.654118e-6
3.6879999224e-5	-2.520773e-5
3.6895999224e-5	-3.158493e-5
3.6911999223e-5	-5.607074e-5
3.6927999223e-5	-8.94368e-5
3.6943999223e-5	-0.0001005763
3.6959999222e-5	-8.805881e-5
3.6975999222e-5	-0.0001051208
3.6991999222e-5	-8.512095e-5
3.7007999221e-5	-5.178224e-5
3.7023999221e-5	-1.720056e-5
3.7039999221e-5	-1.853085e-5
3.705599922e-5	-3.750214e-5
3.707199922e-5	-2.926259e-5
3.708799922e-5	-1.963921e-5
3.7103999219e-5	-4.636165e-5
3.7119999219e-5	-2.791518e-5
3.7135999219e-5	-1.085063e-5
3.7151999218e-5	-1.457312e-5
3.7167999218e-5	-1.396082e-5
3.7183999218e-5	-1.546747e-5
3.7199999217e-5	-2.13009e-5
3.7215999217e-5	-5.049266e-5
3.7231999217e-5	-5.69523e-5
3.7247999216e-5	-0.0001046549
3.7263999216e-5	-0.0001046148
3.7279999216e-5	-0.0001010628
3.7295999215e-5	-8.859635e-5
3.7311999215e-5	-8.077027e-5
3.7327999215e-5	-4.269337e-5
3.7343999214e-5	-3.595764e-5
3.7359999214e-5	-4.16185e-5
3.7375999214e-5	6.727193e-6
3.7391999213e-5	1.838353e-6
3.7407999213e-5	-6.961322e-6
3.7423999213e-5	-1.113563e-5
3.7439999212e-5	-1.312524e-5
3.7455999212e-5	1.835103e-5
3.7471999212e-5	2.245574e-5
3.7487999211e-5	-1.328533e-5
3.7503999211e-5	-1.312409e-5
3.7519999211e-5	-4.299343e-5
3.753599921e-5	1.422904e-5
3.755199921e-5	1.068219e-5
3.756799921e-5	2.856625e-5
3.7583999209e-5	2.801327e-5
3.7599999209e-5	-7.828914e-6
3.7615999209e-5	-1.652337e-5
3.7631999208e-5	5.946715e-6
3.7647999208e-5	2.609973e-5
3.7663999208e-5	-4.025776e-6
3.7679999207e-5	-7.867611e-6
3.7695999207e-5	3.195877e-5
3.7711999207e-5	3.041241e-5
3.7727999206e-5	5.25666e-5
3.7743999206e-5	3.696657e-5
3.7759999206e-5	0.0001135593
3.7775999205e-5	0.0001063617
3.7791999205e-5	9.756815e-5
3.7807999205e-5	0.000118282
3.7823999204e-5	0.0001213755
3.7839999204e-5	6.627321e-5
3.7855999203e-5	5.77575e-5
3.7871999203e-5	6.942623e-5
3.7887999203e-5	5.024165e-5
3.7903999202e-5	2.117455e-5
3.7919999202e-5	2.212569e-5
3.7935999202e-5	2.694336e-5
3.7951999201e-5	-1.810758e-5
3.7967999201e-5	-2.710822e-5
3.7983999201e-5	-3.980344e-5
3.79999992e-5	-3.226213e-5
3.80159992e-5	-4.798766e-5
3.80319992e-5	-4.422687e-5
3.8047999199e-5	-3.403567e-5
3.8063999199e-5	-2.797456e-5
3.8079999199e-5	1.492593e-7
3.8095999198e-5	-2.64984e-5
3.8111999198e-5	-4.228319e-5
3.8127999198e-5	-4.725335e-5
3.8143999197e-5	-5.359189e-5
3.8159999197e-5	-2.362685e-5
3.8175999197e-5	-2.050772e-6
3.8191999196e-5	-1.255586e-5
3.8207999196e-5	-7.016832e-5
3.8223999196e-5	-6.916864e-5
3.8239999195e-5	-5.585148e-5
3.8255999195e-5	-3.789817e-5
3.8271999195e-5	-3.167879e-5
3.8287999194e-5	-3.529518e-5
3.8303999194e-5	-9.805507e-5
3.8319999194e-5	-3.778529e-5
3.8335999193e-5	-3.166911e-5
3.8351999193e-5	-3.735901e-5
3.8367999193e-5	-2.201081e-5
3.8383999192e-5	4.123458e-6
3.8399999192e-5	8.204058e-6
3.8415999192e-5	9.716301e-6
3.8431999191e-5	1.639392e-6
3.8447999191e-5	2.467814e-5
3.8463999191e-5	3.829243e-5
3.847999919e-5	4.304822e-5
3.849599919e-5	-6.816023e-6
3.851199919e-5	2.168111e-5
3.8527999189e-5	3.328738e-6
3.8543999189e-5	4.010206e-6
3.8559999189e-5	-8.925183e-6
3.8575999188e-5	1.895235e-5
3.8591999188e-5	5.272659e-7
3.8607999188e-5	-6.161613e-5
3.8623999187e-5	-7.392456e-5
3.8639999187e-5	-7.82643e-5
3.8655999187e-5	-5.43378e-5
3.8671999186e-5	-2.363424e-5
3.8687999186e-5	2.727568e-5
3.8703999186e-5	3.208852e-5
3.8719999185e-5	2.133686e-5
3.8735999185e-5	6.491899e-5
3.8751999185e-5	0.0001247711
3.8767999184e-5	7.548421e-5
3.8783999184e-5	9.926438e-5
3.8799999184e-5	9.561013e-5
3.8815999183e-5	6.674085e-5
3.8831999183e-5	0.0001058866
3.8847999183e-5	9.569702e-5
3.8863999182e-5	8.465322e-5
3.8879999182e-5	5.273639e-5
3.8895999182e-5	5.404195e-5
3.8911999181e-5	6.845804e-5
3.8927999181e-5	5.760603e-5
3.8943999181e-5	3.438398e-5
3.895999918e-5	2.970401e-6
3.897599918e-5	4.877037e-6
3.899199918e-5	-3.016072e-5
3.9007999179e-5	-9.853013e-5
3.9023999179e-5	-4.659402e-5
3.9039999179e-5	-5.848907e-5
3.9055999178e-5	-0.0001159786
3.9071999178e-5	-6.249506e-5
3.9087999178e-5	-4.781092e-5
3.9103999177e-5	-1.101868e-5
3.9119999177e-5	-2.676215e-5
3.9135999177e-5	1.553629e-6
3.9151999176e-5	6.275362e-5
3.9167999176e-5	0.0001078741
3.9183999176e-5	7.294126e-5
3.9199999175e-5	5.432524e-5
3.9215999175e-5	8.804702e-6
3.9231999175e-5	1.256553e-5
3.9247999174e-5	4.81497e-5
3.9263999174e-5	5.758124e-5
3.9279999174e-5	1.565495e-5
3.9295999173e-5	-1.569737e-5
3.9311999173e-5	-3.120215e-5
3.9327999173e-5	7.948534e-6
3.9343999172e-5	-3.076315e-5
3.9359999172e-5	-5.238462e-5
3.9375999172e-5	-6.386248e-5
3.9391999171e-5	-9.257073e-5
3.9407999171e-5	-0.0001193533
3.9423999171e-5	-0.0001267641
3.943999917e-5	-0.000111392
3.945599917e-5	-9.435276e-5
3.9471999169e-5	-0.0001106756
3.9487999169e-5	-0.000114866
3.9503999169e-5	-7.970464e-5
3.9519999168e-5	-6.146742e-5
3.9535999168e-5	-5.306275e-5
3.9551999168e-5	-5.251671e-5
3.9567999167e-5	-4.216951e-5
3.9583999167e-5	-7.276367e-6
3.9599999167e-5	1.018469e-5
3.9615999166e-5	3.863002e-5
3.9631999166e-5	6.659875e-5
3.9647999166e-5	4.426788e-5
3.9663999165e-5	4.417152e-5
3.9679999165e-5	7.803994e-5
3.9695999165e-5	8.352575e-5
3.9711999164e-5	8.26547e-5
3.9727999164e-5	8.25178e-5
3.9743999164e-5	8.175393e-5
3.9759999163e-5	7.855536e-5
3.9775999163e-5	4.332972e-5
3.9791999163e-5	2.315775e-5
3.9807999162e-5	3.218143e-5
3.9823999162e-5	1.679784e-5
3.9839999162e-5	4.624457e-6
3.9855999161e-5	-3.143749e-6
3.9871999161e-5	1.526389e-5
3.9887999161e-5	2.788647e-5
3.990399916e-5	1.123256e-5
3.991999916e-5	3.408861e-7
3.993599916e-5	5.588328e-6
3.9951999159e-5	-2.391607e-5
3.9967999159e-5	-2.82671e-5
3.9983999159e-5	-3.882746e-5
