Source File Name:	Scan
Signal:	Time - Vib Velocity - Samples

Time	Time Signal
[ s ]	[ m/s ]
0	8.154225e-5
1.5999999663e-8	8.609988e-5
3.1999999327e-8	6.676748e-5
4.799999899e-8	4.420695e-5
6.3999998653e-8	5.92162e-5
7.9999998317e-8	4.800819e-5
9.599999798e-8	1.404888e-6
1.1199999764e-7	-2.577614e-5
1.2799999731e-7	-4.063835e-5
1.4399999697e-7	-4.832214e-5
1.5999999663e-7	-5.720157e-5
1.759999963e-7	-5.335359e-5
1.9199999596e-7	-5.544708e-5
2.0799999562e-7	-5.836858e-5
2.2399999529e-7	-6.11947e-5
2.3999999495e-7	-5.270366e-5
2.5599999461e-7	-6.75201e-5
2.7199999428e-7	-7.391055e-5
2.8799999394e-7	-5.733153e-5
3.039999936e-7	-5.508566e-5
3.1999999327e-7	-3.721427e-5
3.3599999293e-7	-3.608548e-5
3.5199999259e-7	-4.440418e-5
3.6799999226e-7	-4.250219e-5
3.8399999192e-7	-2.908134e-5
3.9999999158e-7	-1.13753e-5
4.1599999125e-7	-4.077224e-5
4.3199999091e-7	-1.565234e-6
4.4799999057e-7	1.034909e-5
4.6399999024e-7	8.013004e-6
4.799999899e-7	8.953194e-6
4.9599998956e-7	2.385608e-5
5.1199998923e-7	3.6364e-5
5.2799998889e-7	1.881966e-5
5.4399998855e-7	4.274013e-5
5.5999998822e-7	5.501487e-5
5.7599998788e-7	4.830625e-5
5.9199998754e-7	3.985479e-5
6.0799998721e-7	2.187615e-5
6.2399998687e-7	1.258409e-5
6.3999998653e-7	1.621493e-5
6.559999862e-7	1.790755e-5
6.7199998586e-7	2.160916e-5
6.8799998552e-7	2.404948e-5
7.0399998519e-7	-1.29519e-5
7.1999998485e-7	-7.405111e-6
7.3599998451e-7	-1.402018e-5
7.5199998418e-7	-2.046066e-5
7.6799998384e-7	-3.188803e-5
7.839999835e-7	-3.416747e-5
7.9999998317e-7	-3.428948e-5
8.1599998283e-7	-4.696986e-5
8.3199998249e-7	-5.64464e-5
8.4799998216e-7	-5.150098e-5
8.6399998182e-7	-4.78894e-5
8.7999998148e-7	-5.075801e-5
8.9599998115e-7	-6.295806e-5
9.1199998081e-7	-7.126157e-5
9.2799998047e-7	-8.303377e-5
9.4399998014e-7	-9.074601e-5
9.599999798e-7	-8.636858e-5
9.7599997946e-7	-9.625313e-5
9.9199997913e-7	-0.0001226725
1.0079999788e-6	-0.0001258308
1.0239999785e-6	-0.0001546493
1.0399999781e-6	-0.0001832287
1.0559999778e-6	-0.0001975838
1.0719999774e-6	-0.0002133917
1.0879999771e-6	-0.0002222568
1.1039999768e-6	-0.0002387335
1.1199999764e-6	-0.0002018766
1.1359999761e-6	-0.0001918009
1.1519999758e-6	-0.0001687199
1.1679999754e-6	-0.0001379955
1.1839999751e-6	-9.613692e-5
1.1999999748e-6	-5.926051e-5
1.2159999744e-6	-1.782572e-5
1.2319999741e-6	1.290158e-5
1.2479999737e-6	7.112986e-5
1.2639999734e-6	0.0001370167
1.2799999731e-6	0.0001663598
1.2959999727e-6	0.000201673
1.3119999724e-6	0.0002157748
1.3279999721e-6	0.0002389578
1.3439999717e-6	0.0002531339
1.3599999714e-6	0.0002667755
1.375999971e-6	0.0002764982
1.3919999707e-6	0.0002856971
1.4079999704e-6	0.0002961259
1.42399997e-6	0.0003129424
1.4399999697e-6	0.0003114307
1.4559999694e-6	0.0003212735
1.471999969e-6	0.0003292433
1.4879999687e-6	0.0003357716
1.5039999684e-6	0.0003174112
1.519999968e-6	0.0003016191
1.5359999677e-6	0.0002964349
1.5519999673e-6	0.0002954506
1.567999967e-6	0.0002794628
1.5839999667e-6	0.0002562944
1.5999999663e-6	0.000237318
1.615999966e-6	0.0002270336
1.6319999657e-6	0.0002017032
1.6479999653e-6	0.0001788001
1.663999965e-6	0.0001270009
1.6799999647e-6	0.000100032
1.6959999643e-6	5.521356e-5
1.711999964e-6	3.120501e-6
1.7279999636e-6	-1.471453e-5
1.7439999633e-6	-3.114423e-5
1.759999963e-6	-5.196798e-5
1.7759999626e-6	-7.312817e-5
1.7919999623e-6	-8.093718e-5
1.807999962e-6	-0.0001082838
1.8239999616e-6	-0.0001312128
1.8399999613e-6	-0.0001622612
1.8559999609e-6	-0.0001816224
1.8719999606e-6	-0.0001770217
1.8879999603e-6	-0.0001773173
1.9039999599e-6	-0.00018605
1.9199999596e-6	-0.0002070337
1.9359999593e-6	-0.000213593
1.9519999589e-6	-0.0002308556
1.9679999586e-6	-0.0002624599
1.9839999583e-6	-0.0002655591
1.9999999579e-6	-0.0002690417
2.0159999576e-6	-0.0002600391
2.0319999572e-6	-0.000279502
2.0479999569e-6	-0.0002706331
2.0639999566e-6	-0.0002504736
2.0799999562e-6	-0.0002542702
2.0959999559e-6	-0.0002418876
2.1119999556e-6	-0.0002258998
2.1279999552e-6	-0.0002103132
2.1439999549e-6	-0.0001730407
2.1599999546e-6	-0.0001663687
2.1759999542e-6	-0.0001456844
2.1919999539e-6	-0.0001317544
2.2079999535e-6	-0.0001090389
2.2239999532e-6	-8.632023e-5
2.2399999529e-6	-6.231867e-5
2.2559999525e-6	-3.127128e-5
2.2719999522e-6	2.869141e-6
2.2879999519e-6	2.219172e-5
2.3039999515e-6	3.497075e-5
2.3199999512e-6	5.337401e-5
2.3359999508e-6	4.705048e-5
2.3519999505e-6	6.924028e-5
2.3679999502e-6	9.685174e-5
2.3839999498e-6	0.0001121536
2.3999999495e-6	0.0001117201
2.4159999492e-6	0.0001196462
2.4319999488e-6	0.0001688899
2.4479999485e-6	0.0001579134
2.4639999482e-6	0.0001709878
2.4799999478e-6	0.0001402821
2.4959999475e-6	0.0001649688
2.5119999471e-6	0.0001923626
2.5279999468e-6	0.0001981798
2.5439999465e-6	0.0002134786
2.5599999461e-6	0.000228668
2.5759999458e-6	0.00023073
2.5919999455e-6	0.0002254157
2.6079999451e-6	0.0002246634
2.6239999448e-6	0.0002205276
2.6399999445e-6	0.0002292035
2.6559999441e-6	0.0002369567
2.6719999438e-6	0.0002289715
2.6879999434e-6	0.0002345959
2.7039999431e-6	0.0002313205
2.7199999428e-6	0.0001983483
2.7359999424e-6	0.0001519936
2.7519999421e-6	0.0001121163
2.7679999418e-6	7.128716e-5
2.7839999414e-6	6.462902e-5
2.7999999411e-6	4.86545e-5
2.8159999408e-6	1.823856e-6
2.8319999404e-6	-2.437696e-7
2.8479999401e-6	-7.683368e-6
2.8639999397e-6	-3.660546e-5
2.8799999394e-6	-5.324589e-5
2.8959999391e-6	-6.091932e-5
2.9119999387e-6	-5.592676e-5
2.9279999384e-6	-8.160605e-5
2.9439999381e-6	-9.183206e-5
2.9599999377e-6	-9.112949e-5
2.9759999374e-6	-8.351881e-5
2.991999937e-6	-7.79484e-5
3.0079999367e-6	-9.983395e-5
3.0239999364e-6	-0.0001397608
3.039999936e-6	-0.0001525803
3.0559999357e-6	-0.000139918
3.0719999354e-6	-0.0001412482
3.087999935e-6	-0.0001534705
3.1039999347e-6	-0.0001578363
3.1199999344e-6	-0.0001723652
3.135999934e-6	-0.0001902389
3.1519999337e-6	-0.0002197066
3.1679999333e-6	-0.0002089245
3.183999933e-6	-0.0002197998
3.1999999327e-6	-0.000218488
3.2159999323e-6	-0.0002139819
3.231999932e-6	-0.0002150552
3.2479999317e-6	-0.0002124223
3.2639999313e-6	-0.0002208136
3.279999931e-6	-0.0002252019
3.2959999307e-6	-0.0002563291
3.3119999303e-6	-0.0002794765
3.32799993e-6	-0.0002750194
3.3439999296e-6	-0.0002818102
3.3599999293e-6	-0.0002800644
3.375999929e-6	-0.0002774841
3.3919999286e-6	-0.0002485191
3.4079999283e-6	-0.0002071277
3.423999928e-6	-0.0001976949
3.4399999276e-6	-0.00015996
3.4559999273e-6	-0.0001235798
3.4719999269e-6	-4.973741e-5
3.4879999266e-6	4.82964e-5
3.5039999263e-6	0.0001192214
3.5199999259e-6	0.000216279
3.5359999256e-6	0.000318875
3.5519999253e-6	0.0004271821
3.5679999249e-6	0.00049658
3.5839999246e-6	0.000606588
3.5999999243e-6	0.0006910244
3.6159999239e-6	0.0007644992
3.6319999236e-6	0.0008320328
3.6479999232e-6	0.0008489969
3.6639999229e-6	0.0008676013
3.6799999226e-6	0.0008715017
3.6959999222e-6	0.0008203203
3.7119999219e-6	0.0007421909
3.7279999216e-6	0.0006534917
3.7439999212e-6	0.0005156175
3.7599999209e-6	0.0003579365
3.7759999206e-6	0.000170156
3.7919999202e-6	-4.159543e-6
3.8079999199e-6	-0.0001971065
3.8239999195e-6	-0.0003939794
3.8399999192e-6	-0.0005725535
3.8559999189e-6	-0.0007335939
3.8719999185e-6	-0.0008475331
3.8879999182e-6	-0.0009386437
3.9039999179e-6	-0.001006421
3.9199999175e-6	-0.001052017
3.9359999172e-6	-0.001053692
3.9519999168e-6	-0.001004361
3.9679999165e-6	-0.0009049367
3.9839999162e-6	-0.0007978502
3.9999999158e-6	-0.0006416768
4.0159999155e-6	-0.000469883
4.0319999152e-6	-0.0002857588
4.0479999148e-6	-0.0001012536
4.0639999145e-6	0.0001057958
4.0799999142e-6	0.0002773035
4.0959999138e-6	0.0004590094
4.1119999135e-6	0.0006097683
4.1279999131e-6	0.0007267713
4.1439999128e-6	0.0008063614
4.1599999125e-6	0.0008672235
4.1759999121e-6	0.0008734463
4.1919999118e-6	0.0008519869
4.2079999115e-6	0.0007432577
4.2239999111e-6	0.0005989933
4.2399999108e-6	0.0004369104
4.2559999105e-6	0.00024742
4.2719999101e-6	3.706609e-5
4.2879999098e-6	-0.0001870413
4.3039999094e-6	-0.0004470486
4.3199999091e-6	-0.0006958467
4.3359999088e-6	-0.0009233771
4.3519999084e-6	-0.001140338
4.3679999081e-6	-0.001311538
4.3839999078e-6	-0.001431696
4.3999999074e-6	-0.001466726
4.4159999071e-6	-0.001449398
4.4319999067e-6	-0.001386841
4.4479999064e-6	-0.001277327
4.4639999061e-6	-0.001147395
4.4799999057e-6	-0.0009306264
4.4959999054e-6	-0.0006837464
4.5119999051e-6	-0.0003998303
4.5279999047e-6	-8.719655e-5
4.5439999044e-6	0.0002403284
4.5599999041e-6	0.0005772369
4.5759999037e-6	0.0008908644
4.5919999034e-6	0.001178432
4.607999903e-6	0.001387588
4.6239999027e-6	0.001539276
4.6399999024e-6	0.001649964
4.655999902e-6	0.001663401
4.6719999017e-6	0.00163907
4.6879999014e-6	0.001549421
4.703999901e-6	0.001408733
4.7199999007e-6	0.001188334
4.7359999004e-6	0.0009290429
4.7519999e-6	0.0006410448
4.7679998997e-6	0.0003418648
4.7839998993e-6	5.829697e-5
4.799999899e-6	-0.0002249742
4.8159998987e-6	-0.0005083631
4.8319998983e-6	-0.0007421236
4.847999898e-6	-0.000927788
4.8639998977e-6	-0.001039558
4.8799998973e-6	-0.001103079
4.895999897e-6	-0.00110467
4.9119998966e-6	-0.001052242
4.9279998963e-6	-0.0009470978
4.943999896e-6	-0.0008114448
4.9599998956e-6	-0.0006343053
4.9759998953e-6	-0.0004002835
4.991999895e-6	-0.0001741861
5.0079998946e-6	5.266289e-5
5.0239998943e-6	0.0003001489
5.039999894e-6	0.0005008411
5.0559998936e-6	0.0006854313
5.0719998933e-6	0.0008263732
5.0879998929e-6	0.0009489252
5.1039998926e-6	0.001063265
5.1199998923e-6	0.001112771
5.1359998919e-6	0.001132154
5.1519998916e-6	0.001096662
5.1679998913e-6	0.001024876
5.1839998909e-6	0.0009150147
5.1999998906e-6	0.0008047617
5.2159998903e-6	0.0006189829
5.2319998899e-6	0.0004442044
5.2479998896e-6	0.0002460985
5.2639998892e-6	2.986649e-5
5.2799998889e-6	-0.0001755991
5.2959998886e-6	-0.0004003986
5.3119998882e-6	-0.0006110743
5.3279998879e-6	-0.0007972803
5.3439998876e-6	-0.0009759976
5.3599998872e-6	-0.00110086
5.3759998869e-6	-0.001195039
5.3919998866e-6	-0.001229946
5.4079998862e-6	-0.001208808
5.4239998859e-6	-0.001167246
5.4399998855e-6	-0.001109603
5.4559998852e-6	-0.001024883
5.4719998849e-6	-0.0009249187
5.4879998845e-6	-0.0007619134
5.5039998842e-6	-0.0005818952
5.5199998839e-6	-0.0004240791
5.5359998835e-6	-0.0002575832
5.5519998832e-6	-9.736174e-5
5.5679998828e-6	3.285895e-5
5.5839998825e-6	0.0001807039
5.5999998822e-6	0.0002520924
5.6159998818e-6	0.0003110098
5.6319998815e-6	0.000356599
5.6479998812e-6	0.0003777034
5.6639998808e-6	0.0003802766
5.6799998805e-6	0.0003887627
5.6959998802e-6	0.0003825663
5.7119998798e-6	0.0003263096
5.7279998795e-6	0.0003088707
5.7439998791e-6	0.0002345163
5.7599998788e-6	0.0001680003
5.7759998785e-6	0.0001233295
5.7919998781e-6	7.858717e-5
5.8079998778e-6	3.937957e-5
5.8239998775e-6	2.175709e-5
5.8399998771e-6	2.446194e-5
5.8559998768e-6	1.604099e-7
5.8719998765e-6	-1.559454e-5
5.8879998761e-6	7.335608e-7
5.9039998758e-6	-6.791617e-6
5.9199998754e-6	1.006235e-5
5.9359998751e-6	2.770581e-5
5.9519998748e-6	7.000582e-5
5.9679998744e-6	0.0001099975
5.9839998741e-6	0.0001188685
5.9999998738e-6	0.0001269556
6.0159998734e-6	0.0001315871
6.0319998731e-6	0.0001324132
6.0479998727e-6	0.0001341457
6.0639998724e-6	0.0001394915
6.0799998721e-6	0.0001445506
6.0959998717e-6	0.0001569698
6.1119998714e-6	0.0001662509
6.1279998711e-6	0.0001737933
6.1439998707e-6	0.0001904553
6.1599998704e-6	0.0001859042
6.1759998701e-6	0.0001858201
6.1919998697e-6	0.0001822907
6.2079998694e-6	0.0001861766
6.223999869e-6	0.0001760982
6.2399998687e-6	0.0001541541
6.2559998684e-6	0.0001422124
6.271999868e-6	0.0001281461
6.2879998677e-6	0.00012324
6.3039998674e-6	0.000124595
6.319999867e-6	0.0001029884
6.3359998667e-6	9.082585e-5
6.3519998664e-6	7.254551e-5
6.367999866e-6	5.564908e-5
6.3839998657e-6	2.930137e-5
6.3999998653e-6	2.184102e-5
6.415999865e-6	3.091727e-5
6.4319998647e-6	3.147537e-5
6.4479998643e-6	3.568761e-5
6.463999864e-6	4.469942e-5
6.4799998637e-6	3.716526e-5
6.4959998633e-6	2.347791e-5
6.511999863e-6	-8.322029e-6
6.5279998626e-6	-4.586777e-5
6.5439998623e-6	-8.165772e-5
6.559999862e-6	-8.886518e-5
6.5759998616e-6	-0.0001454111
6.5919998613e-6	-0.0001695562
6.607999861e-6	-0.000188604
6.6239998606e-6	-0.0002146274
6.6399998603e-6	-0.0002486658
6.65599986e-6	-0.0002684417
6.6719998596e-6	-0.0002967677
6.6879998593e-6	-0.0002866446
6.7039998589e-6	-0.0003053115
6.7199998586e-6	-0.000292272
6.7359998583e-6	-0.000283316
6.7519998579e-6	-0.0002473965
6.7679998576e-6	-0.0002180067
6.7839998573e-6	-0.0001917041
6.7999998569e-6	-0.0001470077
6.8159998566e-6	-0.0001141199
6.8319998563e-6	-8.451044e-5
6.8479998559e-6	-4.747302e-5
6.8639998556e-6	-2.724796e-5
6.8799998552e-6	-1.514074e-5
6.8959998549e-6	-8.04827e-6
6.9119998546e-6	1.298917e-6
6.9279998542e-6	2.370877e-6
6.9439998539e-6	-2.021061e-5
6.9599998536e-6	-2.911394e-5
6.9759998532e-6	-6.216909e-5
6.9919998529e-6	-9.542848e-5
7.0079998525e-6	-0.000141987
7.0239998522e-6	-0.000161444
7.0399998519e-6	-0.0001979337
7.0559998515e-6	-0.0002476219
7.0719998512e-6	-0.0002631179
7.0879998509e-6	-0.0002610191
7.1039998505e-6	-0.0002736083
7.1199998502e-6	-0.0002802728
7.1359998499e-6	-0.0002588267
7.1519998495e-6	-0.0002445119
7.1679998492e-6	-0.000191437
7.1839998488e-6	-0.0001695219
7.1999998485e-6	-9.78036e-5
7.2159998482e-6	-4.250594e-5
7.2319998478e-6	3.206727e-5
7.2479998475e-6	0.0001183109
7.2639998472e-6	0.0001800055
7.2799998468e-6	0.0002368608
7.2959998465e-6	0.0002775828
7.3119998462e-6	0.0003060558
7.3279998458e-6	0.0003281081
7.3439998455e-6	0.0003316479
7.3599998451e-6	0.0003517553
7.3759998448e-6	0.0003637619
7.3919998445e-6	0.000352346
7.4079998441e-6	0.0003290853
7.4239998438e-6	0.0003033934
7.4399998435e-6	0.000280636
7.4559998431e-6	0.0002616002
7.4719998428e-6	0.0002265756
7.4879998424e-6	0.0001651965
7.5039998421e-6	0.0001421386
7.5199998418e-6	0.0001076312
7.5359998414e-6	7.877922e-5
7.5519998411e-6	5.066771e-5
7.5679998408e-6	4.322096e-5
7.5839998404e-6	4.994319e-5
7.5999998401e-6	7.725626e-5
7.6159998398e-6	8.958259e-5
7.6319998394e-6	0.0001404701
7.6479998391e-6	0.0001874535
7.6639998387e-6	0.0002284458
7.6799998384e-6	0.0003186458
7.6959998381e-6	0.0003923856
7.7119998377e-6	0.0004555588
7.7279998374e-6	0.0005190514
7.7439998371e-6	0.0005715607
7.7599998367e-6	0.0006029645
7.7759998364e-6	0.0006232293
7.7919998361e-6	0.0006493907
7.8079998357e-6	0.000608919
7.8239998354e-6	0.0005767565
7.839999835e-6	0.0005067181
7.8559998347e-6	0.0004291809
7.8719998344e-6	0.0003502851
7.887999834e-6	0.0002524395
7.9039998337e-6	0.0001119219
7.9199998334e-6	-2.580683e-5
7.935999833e-6	-0.0001698315
7.9519998327e-6	-0.000287454
7.9679998324e-6	-0.0004258839
7.983999832e-6	-0.0005522058
7.9999998317e-6	-0.0006594515
8.0159998313e-6	-0.000747695
8.031999831e-6	-0.000813184
8.0479998307e-6	-0.0008562974
8.0639998303e-6	-0.0008847736
8.07999983e-6	-0.0009105455
8.0959998297e-6	-0.0009294237
8.1119998293e-6	-0.0008853933
8.127999829e-6	-0.0008536128
8.1439998286e-6	-0.0007922994
8.1599998283e-6	-0.0006887027
8.175999828e-6	-0.0006050951
8.1919998276e-6	-0.0004999986
8.2079998273e-6	-0.0003869882
8.223999827e-6	-0.0002723637
8.2399998266e-6	-0.0001746156
8.2559998263e-6	-6.68853e-5
8.271999826e-6	3.457256e-5
8.2879998256e-6	9.463087e-5
8.3039998253e-6	0.0001655029
8.3199998249e-6	0.0002099092
8.3359998246e-6	0.0002117143
8.3519998243e-6	0.0002271209
8.3679998239e-6	0.0002066828
8.3839998236e-6	0.0001570516
8.3999998233e-6	9.962677e-5
8.4159998229e-6	1.480477e-5
8.4319998226e-6	-5.054163e-5
8.4479998223e-6	-0.0001340789
8.4639998219e-6	-0.0002021568
8.4799998216e-6	-0.0002525457
8.4959998212e-6	-0.0002789046
8.5119998209e-6	-0.0002941235
8.5279998206e-6	-0.0002962688
8.5439998202e-6	-0.0002872746
8.5599998199e-6	-0.0002644542
8.5759998196e-6	-0.0002192023
8.5919998192e-6	-0.000144952
8.6079998189e-6	-6.296094e-5
8.6239998185e-6	3.499461e-5
8.6399998182e-6	0.0001466693
8.6559998179e-6	0.0002485166
8.6719998175e-6	0.0003678998
8.6879998172e-6	0.0004531272
8.7039998169e-6	0.0005209775
8.7199998165e-6	0.0005993976
8.7359998162e-6	0.0006694336
8.7519998159e-6	0.0007214295
8.7679998155e-6	0.0007451402
8.7839998152e-6	0.0007912058
8.7999998148e-6	0.0008212581
8.8159998145e-6	0.000825095
8.8319998142e-6	0.0008102278
8.8479998138e-6	0.000793831
8.8639998135e-6	0.0007742281
8.8799998132e-6	0.0007126415
8.8959998128e-6	0.0006470985
8.9119998125e-6	0.0005857224
8.9279998122e-6	0.000493479
8.9439998118e-6	0.0004018831
8.9599998115e-6	0.0003168404
8.9759998111e-6	0.0002189116
8.9919998108e-6	0.0001220645
9.0079998105e-6	3.670332e-5
9.0239998101e-6	-9.516395e-5
9.0399998098e-6	-0.0001569669
9.0559998095e-6	-0.0002395015
9.0719998091e-6	-0.0002994941
9.0879998088e-6	-0.0003587653
9.1039998084e-6	-0.0004418512
9.1199998081e-6	-0.0005280094
9.1359998078e-6	-0.0005652255
9.1519998074e-6	-0.000608068
9.1679998071e-6	-0.0006017943
9.1839998068e-6	-0.0005941836
9.1999998064e-6	-0.0005722597
9.2159998061e-6	-0.0005865956
9.2319998058e-6	-0.0005261292
9.2479998054e-6	-0.000480512
9.2639998051e-6	-0.0004320592
9.2799998047e-6	-0.0003738106
9.2959998044e-6	-0.0003033068
9.3119998041e-6	-0.0002227763
9.3279998037e-6	-0.0001602863
9.3439998034e-6	-0.0001024349
9.3599998031e-6	-3.527546e-5
9.3759998027e-6	2.895262e-6
9.3919998024e-6	2.180947e-5
9.4079998021e-6	5.517847e-5
9.4239998017e-6	9.045393e-5
9.4399998014e-6	0.0001095999
9.455999801e-6	0.0001066591
9.4719998007e-6	0.0001090901
9.4879998004e-6	8.380689e-5
9.5039998e-6	6.695557e-5
9.5199997997e-6	2.638529e-5
9.5359997994e-6	5.416039e-6
9.551999799e-6	-2.973837e-5
9.5679997987e-6	-5.343796e-5
9.5839997983e-6	-8.810172e-5
9.599999798e-6	-0.0001051494
9.6159997977e-6	-0.0001124854
9.6319997973e-6	-0.0001403248
9.647999797e-6	-0.000152122
9.6639997967e-6	-0.0001568238
9.6799997963e-6	-0.0001548647
9.695999796e-6	-0.0001514059
9.7119997957e-6	-0.0001329286
9.7279997953e-6	-0.000107706
9.743999795e-6	-8.102747e-5
9.7599997946e-6	-3.506138e-5
9.7759997943e-6	2.826343e-7
9.791999794e-6	1.512059e-5
9.8079997936e-6	3.238088e-5
9.8239997933e-6	7.174615e-5
9.839999793e-6	9.662245e-5
9.8559997926e-6	0.0001249332
9.8719997923e-6	0.000171271
9.887999792e-6	0.0002090671
9.9039997916e-6	0.0002460469
9.9199997913e-6	0.0002801861
9.9359997909e-6	0.0003126648
9.9519997906e-6	0.0003326474
9.9679997903e-6	0.0003213977
9.9839997899e-6	0.0003067544
9.9999997896e-6	0.0002927463
1.0015999789e-5	0.0002685403
1.0031999789e-5	0.0002544027
1.0047999789e-5	0.0002166508
1.0063999788e-5	0.000156313
1.0079999788e-5	9.008404e-5
1.0095999788e-5	1.369042e-5
1.0111999787e-5	-5.238293e-5
1.0127999787e-5	-8.463333e-5
1.0143999787e-5	-0.0001429981
1.0159999786e-5	-0.0001762265
1.0175999786e-5	-0.0002261637
1.0191999786e-5	-0.0002557971
1.0207999785e-5	-0.0002796398
1.0223999785e-5	-0.0002858708
1.0239999785e-5	-0.0003135653
1.0255999784e-5	-0.0003484274
1.0271999784e-5	-0.0003772005
1.0287999784e-5	-0.0003877553
1.0303999783e-5	-0.0003815367
1.0319999783e-5	-0.0003690238
1.0335999783e-5	-0.0003411547
1.0351999782e-5	-0.0003194888
1.0367999782e-5	-0.0003155402
1.0383999782e-5	-0.0002761836
1.0399999781e-5	-0.0002402154
1.0415999781e-5	-0.000191488
1.0431999781e-5	-0.0001224537
1.044799978e-5	-1.754169e-5
1.046399978e-5	5.628162e-5
1.0479999779e-5	0.000129952
1.0495999779e-5	0.0002397427
1.0511999779e-5	0.0002992536
1.0527999778e-5	0.0003586682
1.0543999778e-5	0.0004221517
1.0559999778e-5	0.0004568112
1.0575999777e-5	0.0004748082
1.0591999777e-5	0.0004881332
1.0607999777e-5	0.0004612881
1.0623999776e-5	0.0004277652
1.0639999776e-5	0.0003994612
1.0655999776e-5	0.0003515328
1.0671999775e-5	0.0002981548
1.0687999775e-5	0.0002257888
1.0703999775e-5	0.0001465679
1.0719999774e-5	6.330731e-5
1.0735999774e-5	-5.401107e-6
1.0751999774e-5	-4.253021e-5
1.0767999773e-5	-6.405947e-5
1.0783999773e-5	-6.262391e-5
1.0799999773e-5	-3.790537e-5
1.0815999772e-5	-2.72017e-5
1.0831999772e-5	-2.058655e-5
1.0847999772e-5	1.306205e-5
1.0863999771e-5	5.164796e-5
1.0879999771e-5	7.137408e-5
1.0895999771e-5	9.644651e-5
1.091199977e-5	0.0001475205
1.092799977e-5	0.0001782318
1.094399977e-5	0.0002045017
1.0959999769e-5	0.0002088775
1.0975999769e-5	0.0002033159
1.0991999769e-5	0.0001986893
1.1007999768e-5	0.0002073832
1.1023999768e-5	0.0001694996
1.1039999768e-5	0.0001555406
1.1055999767e-5	0.0001201949
1.1071999767e-5	7.709806e-5
1.1087999767e-5	3.643334e-5
1.1103999766e-5	-3.291796e-5
1.1119999766e-5	-8.991115e-5
1.1135999766e-5	-0.0001489132
1.1151999765e-5	-0.0002065575
1.1167999765e-5	-0.0002689825
1.1183999765e-5	-0.0003332461
1.1199999764e-5	-0.0004140135
1.1215999764e-5	-0.0004506932
1.1231999764e-5	-0.0004981111
1.1247999763e-5	-0.0005310071
1.1263999763e-5	-0.0005538512
1.1279999763e-5	-0.0005390038
1.1295999762e-5	-0.0005151283
1.1311999762e-5	-0.0004868509
1.1327999762e-5	-0.0004599908
1.1343999761e-5	-0.0004266396
1.1359999761e-5	-0.0003863188
1.1375999761e-5	-0.0003270924
1.139199976e-5	-0.0002618454
1.140799976e-5	-0.0002045938
1.142399976e-5	-0.0001519732
1.1439999759e-5	-8.73583e-5
1.1455999759e-5	-3.795488e-5
1.1471999759e-5	-1.117006e-6
1.1487999758e-5	2.785009e-5
1.1503999758e-5	2.140513e-5
1.1519999758e-5	4.484602e-5
1.1535999757e-5	7.089837e-5
1.1551999757e-5	6.176111e-5
1.1567999757e-5	5.890179e-5
1.1583999756e-5	5.13933e-5
1.1599999756e-5	4.816438e-5
1.1615999756e-5	4.474266e-5
1.1631999755e-5	5.170293e-5
1.1647999755e-5	4.904602e-5
1.1663999755e-5	3.189832e-5
1.1679999754e-5	6.450158e-5
1.1695999754e-5	8.976838e-5
1.1711999754e-5	0.0001481141
1.1727999753e-5	0.0001889936
1.1743999753e-5	0.0002427929
1.1759999753e-5	0.0002871034
1.1775999752e-5	0.0003184019
1.1791999752e-5	0.0003497623
1.1807999752e-5	0.000393956
1.1823999751e-5	0.0004236988
1.1839999751e-5	0.0004780833
1.1855999751e-5	0.000490138
1.187199975e-5	0.0004784155
1.188799975e-5	0.0004838201
1.190399975e-5	0.0004625435
1.1919999749e-5	0.0004500893
1.1935999749e-5	0.0004224185
1.1951999749e-5	0.0003886603
1.1967999748e-5	0.000330574
1.1983999748e-5	0.0002823135
1.1999999748e-5	0.0002413786
1.2015999747e-5	0.0001893205
1.2031999747e-5	0.0001479694
1.2047999747e-5	9.424522e-5
1.2063999746e-5	7.176583e-5
1.2079999746e-5	2.246967e-5
1.2095999745e-5	-1.369849e-5
1.2111999745e-5	-6.743628e-5
1.2127999745e-5	-9.22473e-5
1.2143999744e-5	-0.0001269152
1.2159999744e-5	-0.0001642084
1.2175999744e-5	-0.0001819661
1.2191999743e-5	-0.000195628
1.2207999743e-5	-0.0002274656
1.2223999743e-5	-0.0002585168
1.2239999742e-5	-0.000279185
1.2255999742e-5	-0.0003058724
1.2271999742e-5	-0.00031456
1.2287999741e-5	-0.0003322692
1.2303999741e-5	-0.0003237015
1.2319999741e-5	-0.0003186787
1.233599974e-5	-0.0002932447
1.235199974e-5	-0.0002940099
1.236799974e-5	-0.0003018922
1.2383999739e-5	-0.0003024529
1.2399999739e-5	-0.000289228
1.2415999739e-5	-0.0002590077
1.2431999738e-5	-0.000242923
1.2447999738e-5	-0.0002281942
1.2463999738e-5	-0.0002135525
1.2479999737e-5	-0.0002169584
1.2495999737e-5	-0.0002124935
1.2511999737e-5	-0.0002151259
1.2527999736e-5	-0.0001760113
1.2543999736e-5	-0.0001962559
1.2559999736e-5	-0.0001838239
1.2575999735e-5	-0.0001459317
1.2591999735e-5	-0.0001375176
1.2607999735e-5	-0.0001022382
1.2623999734e-5	-7.490446e-5
1.2639999734e-5	-1.386208e-5
1.2655999734e-5	2.182953e-5
1.2671999733e-5	5.123159e-5
1.2687999733e-5	0.0001066484
1.2703999733e-5	0.0001504769
1.2719999732e-5	0.0001996325
1.2735999732e-5	0.0002430145
1.2751999732e-5	0.0002787864
1.2767999731e-5	0.0003127558
1.2783999731e-5	0.0003491409
1.2799999731e-5	0.000359716
1.281599973e-5	0.0003789068
1.283199973e-5	0.0003952694
1.284799973e-5	0.0003981096
1.2863999729e-5	0.0003931059
1.2879999729e-5	0.0003599761
1.2895999729e-5	0.0003499227
1.2911999728e-5	0.0003434335
1.2927999728e-5	0.000322031
1.2943999728e-5	0.0002946574
1.2959999727e-5	0.0002719024
1.2975999727e-5	0.0002304364
1.2991999727e-5	0.0001695295
1.3007999726e-5	0.0001360681
1.3023999726e-5	8.565329e-5
1.3039999726e-5	5.02699e-5
1.3055999725e-5	1.480398e-5
1.3071999725e-5	-2.522443e-5
1.3087999725e-5	-3.957459e-5
1.3103999724e-5	-6.997719e-5
1.3119999724e-5	-9.758865e-5
1.3135999724e-5	-0.0001262595
1.3151999723e-5	-0.0001407373
1.3167999723e-5	-0.0001755976
1.3183999723e-5	-0.0002022854
1.3199999722e-5	-0.000183856
1.3215999722e-5	-0.000181309
1.3231999722e-5	-0.0001998207
1.3247999721e-5	-0.0001832732
1.3263999721e-5	-0.0001618994
1.3279999721e-5	-0.0001523489
1.329599972e-5	-0.0001338426
1.331199972e-5	-0.0001456065
1.332799972e-5	-0.0001593529
1.3343999719e-5	-0.0001642968
1.3359999719e-5	-0.0001720214
1.3375999719e-5	-0.0001782805
1.3391999718e-5	-0.0002019073
1.3407999718e-5	-0.0001990855
1.3423999718e-5	-0.0002338454
1.3439999717e-5	-0.0002222972
1.3455999717e-5	-0.0002408528
1.3471999717e-5	-0.0002320653
1.3487999716e-5	-0.0002420825
1.3503999716e-5	-0.0002363641
1.3519999716e-5	-0.0002342201
1.3535999715e-5	-0.0002258187
1.3551999715e-5	-0.0001970516
1.3567999715e-5	-0.0001500655
1.3583999714e-5	-0.0001240495
1.3599999714e-5	-8.586942e-5
1.3615999714e-5	-8.463757e-5
1.3631999713e-5	-2.773266e-5
1.3647999713e-5	4.222755e-6
1.3663999713e-5	7.70858e-5
1.3679999712e-5	9.470889e-5
1.3695999712e-5	0.0001349813
1.3711999711e-5	0.0001647509
1.3727999711e-5	0.0002001842
1.3743999711e-5	0.000186171
1.375999971e-5	0.0002242097
1.377599971e-5	0.0002450743
1.379199971e-5	0.0002582393
1.3807999709e-5	0.0002482517
1.3823999709e-5	0.0002263244
1.3839999709e-5	0.0002320812
1.3855999708e-5	0.0002304195
1.3871999708e-5	0.0002261061
1.3887999708e-5	0.0002108599
1.3903999707e-5	0.0002059472
1.3919999707e-5	0.0002137134
1.3935999707e-5	0.0002240861
1.3951999706e-5	0.000211076
1.3967999706e-5	0.0002118042
1.3983999706e-5	0.0002127759
1.3999999705e-5	0.0002275649
1.4015999705e-5	0.0002297871
1.4031999705e-5	0.0002251062
1.4047999704e-5	0.0002279006
1.4063999704e-5	0.0002221782
1.4079999704e-5	0.0002115768
1.4095999703e-5	0.0001836935
1.4111999703e-5	0.0001483469
1.4127999703e-5	0.0001436375
1.4143999702e-5	0.0001369622
1.4159999702e-5	0.0001161736
1.4175999702e-5	0.0001009202
1.4191999701e-5	9.175547e-5
1.4207999701e-5	5.30578e-5
1.4223999701e-5	2.771281e-5
1.42399997e-5	-1.178893e-5
1.42559997e-5	-4.417567e-5
1.42719997e-5	-9.209869e-5
1.4287999699e-5	-0.0001424627
1.4303999699e-5	-0.0001764942
1.4319999699e-5	-0.0002147879
1.4335999698e-5	-0.000237009
1.4351999698e-5	-0.0002601073
1.4367999698e-5	-0.0002981949
1.4383999697e-5	-0.0003254432
1.4399999697e-5	-0.0003566683
1.4415999697e-5	-0.000389957
1.4431999696e-5	-0.0003959787
1.4447999696e-5	-0.0004133519
1.4463999696e-5	-0.0003972789
1.4479999695e-5	-0.0003782506
1.4495999695e-5	-0.0003528668
1.4511999695e-5	-0.0003351004
1.4527999694e-5	-0.0002995127
1.4543999694e-5	-0.0002536892
1.4559999694e-5	-0.0002063336
1.4575999693e-5	-0.0001963301
1.4591999693e-5	-0.0001623514
1.4607999693e-5	-0.0001189626
1.4623999692e-5	-9.290257e-5
1.4639999692e-5	-4.744741e-5
1.4655999692e-5	6.170557e-6
1.4671999691e-5	3.558563e-5
1.4687999691e-5	4.81998e-5
1.4703999691e-5	8.192542e-5
1.471999969e-5	8.484506e-5
1.473599969e-5	0.0001145114
1.475199969e-5	0.0001354679
1.4767999689e-5	0.0001515314
1.4783999689e-5	0.0001538868
1.4799999689e-5	0.0001736269
1.4815999688e-5	0.0001977795
1.4831999688e-5	0.0001811293
1.4847999688e-5	0.0001951566
1.4863999687e-5	0.0001832789
1.4879999687e-5	0.0001730412
1.4895999687e-5	0.0001691493
1.4911999686e-5	0.0002095255
1.4927999686e-5	0.0002107241
1.4943999686e-5	0.00019737
1.4959999685e-5	0.0002122211
1.4975999685e-5	0.0002083265
1.4991999685e-5	0.0001683225
1.5007999684e-5	0.0001614436
1.5023999684e-5	0.0001671023
1.5039999684e-5	0.0001716495
1.5055999683e-5	0.0001725116
1.5071999683e-5	0.0001969921
1.5087999683e-5	0.000196819
1.5103999682e-5	0.0001844474
1.5119999682e-5	0.0001610794
1.5135999682e-5	0.0001184715
1.5151999681e-5	0.0001295915
1.5167999681e-5	9.993507e-5
1.5183999681e-5	9.527917e-5
1.519999968e-5	7.188448e-5
1.521599968e-5	3.611193e-5
1.523199968e-5	-5.303147e-6
1.5247999679e-5	-4.372509e-5
1.5263999679e-5	-8.422507e-5
1.5279999679e-5	-0.00012011
1.5295999678e-5	-0.0001391818
1.5311999678e-5	-0.0001623802
1.5327999677e-5	-0.0001890914
1.5343999677e-5	-0.0002047491
1.5359999677e-5	-0.0002318008
1.5375999676e-5	-0.0002392256
1.5391999676e-5	-0.0002460445
1.5407999676e-5	-0.0002254872
1.5423999675e-5	-0.0002350213
1.5439999675e-5	-0.0002204664
1.5455999675e-5	-0.0001788843
1.5471999674e-5	-0.0001558451
1.5487999674e-5	-0.0001536983
1.5503999674e-5	-0.0001553891
1.5519999673e-5	-0.0001360081
1.5535999673e-5	-0.0001190473
1.5551999673e-5	-0.0001076234
1.5567999672e-5	-9.22133e-5
1.5583999672e-5	-7.6034e-5
1.5599999672e-5	-6.123366e-5
1.5615999671e-5	-6.44086e-5
1.5631999671e-5	-5.033133e-5
1.5647999671e-5	-5.288851e-5
1.566399967e-5	-8.541756e-5
1.567999967e-5	-5.887748e-5
1.569599967e-5	-3.063313e-5
1.5711999669e-5	-4.805566e-5
1.5727999669e-5	-5.49371e-5
1.5743999669e-5	-4.568957e-5
1.5759999668e-5	-9.633678e-6
1.5775999668e-5	1.262074e-5
1.5791999668e-5	3.82883e-5
1.5807999667e-5	6.645708e-5
1.5823999667e-5	7.013948e-5
1.5839999667e-5	7.857444e-5
1.5855999666e-5	9.735658e-5
1.5871999666e-5	0.0001377143
1.5887999666e-5	0.0001762608
1.5903999665e-5	0.000198194
1.5919999665e-5	0.0002049995
1.5935999665e-5	0.0002292031
1.5951999664e-5	0.000235745
1.5967999664e-5	0.0002238307
1.5983999664e-5	0.0002464096
1.5999999663e-5	0.0002792094
1.6015999663e-5	0.000288309
1.6031999663e-5	0.0003019294
1.6047999662e-5	0.0002994594
1.6063999662e-5	0.0002773514
1.6079999662e-5	0.0002620638
1.6095999661e-5	0.0002373347
1.6111999661e-5	0.0002138868
1.6127999661e-5	0.0001918711
1.614399966e-5	0.0001776645
1.615999966e-5	0.0001554214
1.617599966e-5	0.0001315332
1.6191999659e-5	8.310191e-5
1.6207999659e-5	3.331075e-5
1.6223999659e-5	-1.488419e-5
1.6239999658e-5	-7.068367e-5
1.6255999658e-5	-0.0001176077
1.6271999658e-5	-0.0001547428
1.6287999657e-5	-0.000161365
1.6303999657e-5	-0.0002041548
1.6319999657e-5	-0.0002380126
1.6335999656e-5	-0.0002594951
1.6351999656e-5	-0.0002468719
1.6367999656e-5	-0.0002571539
1.6383999655e-5	-0.0002421837
1.6399999655e-5	-0.0002371343
1.6415999655e-5	-0.0002192368
1.6431999654e-5	-0.0002214162
1.6447999654e-5	-0.0002066086
1.6463999654e-5	-0.0001970076
1.6479999653e-5	-0.0001867205
1.6495999653e-5	-0.0001726372
1.6511999653e-5	-0.0001583721
1.6527999652e-5	-0.0001504538
1.6543999652e-5	-0.0001435357
1.6559999652e-5	-0.0001462399
1.6575999651e-5	-0.0001455465
1.6591999651e-5	-0.0001327258
1.6607999651e-5	-0.000120905
1.662399965e-5	-0.0001259054
1.663999965e-5	-0.0001021364
1.665599965e-5	-9.424503e-5
1.6671999649e-5	-8.41787e-5
1.6687999649e-5	-7.295526e-5
1.6703999649e-5	-4.126097e-5
1.6719999648e-5	-3.518166e-5
1.6735999648e-5	-1.823931e-5
1.6751999648e-5	3.363957e-7
1.6767999647e-5	1.699171e-6
1.6783999647e-5	1.010605e-5
1.6799999647e-5	4.654884e-5
1.6815999646e-5	8.07992e-5
1.6831999646e-5	9.888843e-5
1.6847999646e-5	0.0001062555
1.6863999645e-5	0.0001260521
1.6879999645e-5	0.0001159677
1.6895999645e-5	0.0001368082
1.6911999644e-5	0.0001512781
1.6927999644e-5	0.0001833726
1.6943999643e-5	0.000199932
1.6959999643e-5	0.0002171946
1.6975999643e-5	0.0002088477
1.6991999642e-5	0.0002048571
1.7007999642e-5	0.0001947844
1.7023999642e-5	0.000203227
1.7039999641e-5	0.0002144647
1.7055999641e-5	0.0002091497
1.7071999641e-5	0.0002047275
1.708799964e-5	0.0001805403
1.710399964e-5	0.000163312
1.711999964e-5	0.0001478817
1.7135999639e-5	0.0001220253
1.7151999639e-5	9.640174e-5
1.7167999639e-5	6.678492e-5
1.7183999638e-5	7.302374e-5
1.7199999638e-5	7.514913e-5
1.7215999638e-5	2.617585e-5
1.7231999637e-5	-1.394397e-7
1.7247999637e-5	-3.590868e-5
1.7263999637e-5	-5.604035e-5
1.7279999636e-5	-7.000695e-5
1.7295999636e-5	-7.176353e-5
1.7311999636e-5	-7.730474e-5
1.7327999635e-5	-8.305821e-5
1.7343999635e-5	-9.91448e-5
1.7359999635e-5	-0.0001121895
1.7375999634e-5	-9.884412e-5
1.7391999634e-5	-9.891002e-5
1.7407999634e-5	-0.0001184724
1.7423999633e-5	-0.0001259342
1.7439999633e-5	-0.000122467
1.7455999633e-5	-0.0001163566
1.7471999632e-5	-0.0001052875
1.7487999632e-5	-0.0001083487
1.7503999632e-5	-0.0001205703
1.7519999631e-5	-0.0001519502
1.7535999631e-5	-0.0001707687
1.7551999631e-5	-0.0001751978
1.756799963e-5	-0.0001888616
1.758399963e-5	-0.0001973824
1.759999963e-5	-0.0001832757
1.7615999629e-5	-0.0001671043
1.7631999629e-5	-0.0001513532
1.7647999629e-5	-0.00015996
1.7663999628e-5	-0.0001631209
1.7679999628e-5	-0.0001407289
1.7695999628e-5	-0.000110365
1.7711999627e-5	-0.0001029194
1.7727999627e-5	-7.07916e-5
1.7743999627e-5	-6.153653e-5
1.7759999626e-5	-1.340022e-5
1.7775999626e-5	3.072519e-5
1.7791999626e-5	4.739022e-5
1.7807999625e-5	3.938005e-5
1.7823999625e-5	6.088123e-5
1.7839999625e-5	0.0001037067
1.7855999624e-5	0.0001165446
1.7871999624e-5	0.000140514
1.7887999624e-5	0.0001455681
1.7903999623e-5	0.0001603221
1.7919999623e-5	0.0001708588
1.7935999623e-5	0.000199125
1.7951999622e-5	0.0002061154
1.7967999622e-5	0.0002108083
1.7983999622e-5	0.0002320999
1.7999999621e-5	0.0002340029
1.8015999621e-5	0.0002269671
1.8031999621e-5	0.0002411096
1.804799962e-5	0.0002542053
1.806399962e-5	0.0002466371
1.807999962e-5	0.0002386408
1.8095999619e-5	0.0002317657
1.8111999619e-5	0.0002145579
1.8127999619e-5	0.0001925944
1.8143999618e-5	0.0001728155
1.8159999618e-5	0.0001519921
1.8175999618e-5	0.0001196747
1.8191999617e-5	0.0001005445
1.8207999617e-5	6.539428e-5
1.8223999617e-5	3.051087e-5
1.8239999616e-5	1.740733e-5
1.8255999616e-5	1.829999e-7
1.8271999616e-5	-3.26955e-5
1.8287999615e-5	-6.047105e-5
1.8303999615e-5	-9.302539e-5
1.8319999615e-5	-8.65437e-5
1.8335999614e-5	-9.357756e-5
1.8351999614e-5	-0.0001089504
1.8367999614e-5	-0.0001337896
1.8383999613e-5	-0.0001279292
1.8399999613e-5	-0.000127229
1.8415999613e-5	-0.0001305443
1.8431999612e-5	-0.0001285152
1.8447999612e-5	-0.0001594673
1.8463999612e-5	-0.0001569865
1.8479999611e-5	-0.0001720693
1.8495999611e-5	-0.00017979
1.8511999611e-5	-0.0002044325
1.852799961e-5	-0.0002149906
1.854399961e-5	-0.0002346176
1.8559999609e-5	-0.0002314372
1.8575999609e-5	-0.0002311423
1.8591999609e-5	-0.0002221507
1.8607999608e-5	-0.0002110385
1.8623999608e-5	-0.0001893585
1.8639999608e-5	-0.0001900152
1.8655999607e-5	-0.0001860681
1.8671999607e-5	-0.0001734637
1.8687999607e-5	-0.0001532136
1.8703999606e-5	-0.0001398042
1.8719999606e-5	-0.0001154382
1.8735999606e-5	-8.950118e-5
1.8751999605e-5	-6.008082e-5
1.8767999605e-5	-4.242369e-5
1.8783999605e-5	-2.312775e-5
1.8799999604e-5	-1.018438e-5
1.8815999604e-5	-9.155551e-6
1.8831999604e-5	3.441187e-7
1.8847999603e-5	1.455166e-5
1.8863999603e-5	5.119078e-5
1.8879999603e-5	6.893887e-5
1.8895999602e-5	0.0001163472
1.8911999602e-5	0.0001223384
1.8927999602e-5	0.0001281281
1.8943999601e-5	0.0001062899
1.8959999601e-5	0.0001192182
1.8975999601e-5	0.0001439299
1.89919996e-5	0.0001446136
1.90079996e-5	0.0001610139
1.90239996e-5	0.0001648214
1.9039999599e-5	0.0001933006
1.9055999599e-5	0.0002163347
1.9071999599e-5	0.0002156781
1.9087999598e-5	0.0002146549
1.9103999598e-5	0.0002173824
1.9119999598e-5	0.0002106112
1.9135999597e-5	0.0002058746
1.9151999597e-5	0.0002135546
1.9167999597e-5	0.0002043996
1.9183999596e-5	0.0001803412
1.9199999596e-5	0.0001848479
1.9215999596e-5	0.0001742244
1.9231999595e-5	0.0001525523
1.9247999595e-5	0.0001464342
1.9263999595e-5	0.0001403947
1.9279999594e-5	0.0001237807
1.9295999594e-5	9.564684e-5
1.9311999594e-5	6.851798e-5
1.9327999593e-5	3.244011e-5
1.9343999593e-5	1.261676e-5
1.9359999593e-5	-2.876503e-5
1.9375999592e-5	-6.920956e-5
1.9391999592e-5	-8.148879e-5
1.9407999592e-5	-0.0001085061
1.9423999591e-5	-0.0001236631
1.9439999591e-5	-0.0001274399
1.9455999591e-5	-0.0001389573
1.947199959e-5	-0.000131423
1.948799959e-5	-0.0001410591
1.950399959e-5	-0.000164704
1.9519999589e-5	-0.0001760965
1.9535999589e-5	-0.0001937137
1.9551999589e-5	-0.000203669
1.9567999588e-5	-0.0001979665
1.9583999588e-5	-0.0002134148
1.9599999588e-5	-0.0002193382
1.9615999587e-5	-0.000224099
1.9631999587e-5	-0.0002284673
1.9647999587e-5	-0.000245563
1.9663999586e-5	-0.0002315245
1.9679999586e-5	-0.0002315547
1.9695999586e-5	-0.0002102192
1.9711999585e-5	-0.000182323
1.9727999585e-5	-0.0001707782
1.9743999585e-5	-0.000128836
1.9759999584e-5	-0.0001184548
1.9775999584e-5	-9.258597e-5
1.9791999584e-5	-3.928994e-5
1.9807999583e-5	7.811138e-6
1.9823999583e-5	3.449425e-5
1.9839999583e-5	5.279689e-5
1.9855999582e-5	0.0001026165
1.9871999582e-5	0.0001244138
1.9887999582e-5	0.0001268994
1.9903999581e-5	0.0001239026
1.9919999581e-5	0.0001404644
1.9935999581e-5	0.0001435075
1.995199958e-5	0.0001425017
1.996799958e-5	0.0001335263
1.998399958e-5	0.0001411283
1.9999999579e-5	0.0001320613
2.0015999579e-5	0.0001049538
2.0031999579e-5	9.400719e-5
2.0047999578e-5	9.827044e-5
2.0063999578e-5	9.826917e-5
2.0079999578e-5	0.0001031087
2.0095999577e-5	0.0001005863
2.0111999577e-5	0.0001051581
2.0127999576e-5	8.66815e-5
2.0143999576e-5	8.137408e-5
2.0159999576e-5	0.0001071232
2.0175999575e-5	0.0001128131
2.0191999575e-5	0.0001458134
2.0207999575e-5	0.0001564158
2.0223999574e-5	0.0001449079
2.0239999574e-5	0.0001444904
2.0255999574e-5	0.0001480979
2.0271999573e-5	0.0001436052
2.0287999573e-5	0.0001480521
2.0303999573e-5	0.0001356459
2.0319999572e-5	0.0001252121
2.0335999572e-5	0.0001086372
2.0351999572e-5	8.485118e-5
2.0367999571e-5	5.104385e-5
2.0383999571e-5	2.206441e-5
2.0399999571e-5	2.900341e-6
2.041599957e-5	-8.799068e-6
2.043199957e-5	-6.223612e-5
2.044799957e-5	-8.74383e-5
2.0463999569e-5	-0.0001135301
2.0479999569e-5	-0.0001308756
2.0495999569e-5	-0.0001327774
2.0511999568e-5	-0.0001682135
2.0527999568e-5	-0.0001936467
2.0543999568e-5	-0.0002011443
2.0559999567e-5	-0.0001957957
2.0575999567e-5	-0.0002091136
2.0591999567e-5	-0.0002161125
2.0607999566e-5	-0.0002316468
2.0623999566e-5	-0.0002473337
2.0639999566e-5	-0.0002373504
2.0655999565e-5	-0.0002083494
2.0671999565e-5	-0.0002150291
2.0687999565e-5	-0.0001888887
2.0703999564e-5	-0.0001897707
2.0719999564e-5	-0.000179324
2.0735999564e-5	-0.0001594494
2.0751999563e-5	-0.0001402445
2.0767999563e-5	-0.0001108694
2.0783999563e-5	-9.461344e-5
2.0799999562e-5	-8.339618e-5
2.0815999562e-5	-5.714609e-5
2.0831999562e-5	-4.438734e-5
2.0847999561e-5	-2.222452e-5
2.0863999561e-5	6.014256e-6
2.0879999561e-5	2.773996e-5
2.089599956e-5	2.778732e-5
2.091199956e-5	3.547273e-5
2.092799956e-5	5.959176e-5
2.0943999559e-5	6.107972e-5
2.0959999559e-5	8.28958e-5
2.0975999559e-5	8.73325e-5
2.0991999558e-5	0.0001045866
2.1007999558e-5	0.000126216
2.1023999558e-5	0.0001326685
2.1039999557e-5	0.0001605486
2.1055999557e-5	0.0001595342
2.1071999557e-5	0.0001652916
2.1087999556e-5	0.0001990687
2.1103999556e-5	0.0002084473
2.1119999556e-5	0.0002097388
2.1135999555e-5	0.000193582
2.1151999555e-5	0.0002110239
2.1167999555e-5	0.000213213
2.1183999554e-5	0.0001966193
2.1199999554e-5	0.0001905296
2.1215999554e-5	0.0001851998
2.1231999553e-5	0.0001649122
2.1247999553e-5	0.0001594544
2.1263999553e-5	0.0001518762
2.1279999552e-5	0.0001276048
2.1295999552e-5	0.0001149724
2.1311999552e-5	9.604648e-5
2.1327999551e-5	9.218836e-5
2.1343999551e-5	8.114888e-5
2.1359999551e-5	6.180481e-5
2.137599955e-5	7.104062e-5
2.139199955e-5	2.585342e-5
2.140799955e-5	7.231991e-6
2.1423999549e-5	-2.502155e-5
2.1439999549e-5	-5.506261e-5
2.1455999549e-5	-4.026769e-5
2.1471999548e-5	-4.155178e-5
2.1487999548e-5	-7.205323e-5
2.1503999548e-5	-0.0001025302
2.1519999547e-5	-0.0001041944
2.1535999547e-5	-0.0001293574
2.1551999547e-5	-0.0001185346
2.1567999546e-5	-0.0001394819
2.1583999546e-5	-0.0001636552
2.1599999546e-5	-0.0001794057
2.1615999545e-5	-0.0001855866
2.1631999545e-5	-0.0001720369
2.1647999545e-5	-0.0001905689
2.1663999544e-5	-0.0001933518
2.1679999544e-5	-0.000196047
2.1695999544e-5	-0.0001814372
2.1711999543e-5	-0.000172014
2.1727999543e-5	-0.0001588219
2.1743999542e-5	-0.0001355202
2.1759999542e-5	-0.0001181301
2.1775999542e-5	-0.0001151491
2.1791999541e-5	-9.076275e-5
2.1807999541e-5	-7.887077e-5
2.1823999541e-5	-6.573932e-5
2.183999954e-5	-6.867123e-5
2.185599954e-5	-4.40051e-5
2.187199954e-5	-3.032085e-5
2.1887999539e-5	-2.613227e-5
2.1903999539e-5	-2.470423e-5
2.1919999539e-5	1.419522e-5
2.1935999538e-5	3.923775e-5
2.1951999538e-5	2.380979e-5
2.1967999538e-5	1.968322e-5
2.1983999537e-5	2.161714e-5
2.1999999537e-5	8.580651e-6
2.2015999537e-5	1.132679e-5
2.2031999536e-5	4.333665e-5
2.2047999536e-5	6.792629e-5
2.2063999536e-5	7.711223e-5
2.2079999535e-5	0.0001021757
2.2095999535e-5	9.221138e-5
2.2111999535e-5	0.0001036529
2.2127999534e-5	0.0001253466
2.2143999534e-5	0.0001457325
2.2159999534e-5	0.0001634413
2.2175999533e-5	0.0001929037
2.2191999533e-5	0.0002228673
2.2207999533e-5	0.0002095762
2.2223999532e-5	0.0002074698
2.2239999532e-5	0.000213914
2.2255999532e-5	0.0002098905
2.2271999531e-5	0.0001947179
2.2287999531e-5	0.0001766227
2.2303999531e-5	0.0001709016
2.231999953e-5	0.0001414434
2.233599953e-5	0.0001132615
2.235199953e-5	8.955851e-5
2.2367999529e-5	4.823867e-5
2.2383999529e-5	2.110914e-5
2.2399999529e-5	1.94666e-5
2.2415999528e-5	-1.640392e-5
2.2431999528e-5	-3.759153e-5
2.2447999528e-5	-5.738159e-5
2.2463999527e-5	-3.217979e-5
2.2479999527e-5	-4.926707e-5
2.2495999527e-5	-7.048295e-5
2.2511999526e-5	-8.58709e-5
2.2527999526e-5	-0.0001026534
2.2543999526e-5	-0.00011382
2.2559999525e-5	-0.000112721
2.2575999525e-5	-0.00011238
2.2591999525e-5	-0.0001303578
2.2607999524e-5	-0.0001348329
2.2623999524e-5	-0.0001322569
2.2639999524e-5	-0.0001242639
2.2655999523e-5	-0.0001515832
2.2671999523e-5	-0.0001500924
2.2687999523e-5	-0.0001778061
2.2703999522e-5	-0.000181425
2.2719999522e-5	-0.0001922416
2.2735999522e-5	-0.0001740954
2.2751999521e-5	-0.0001904182
2.2767999521e-5	-0.0001648972
2.2783999521e-5	-0.0001555762
2.279999952e-5	-0.000176269
2.281599952e-5	-0.0001805351
2.283199952e-5	-0.0001708519
2.2847999519e-5	-0.0001539208
2.2863999519e-5	-0.0001235798
2.2879999519e-5	-0.000102115
2.2895999518e-5	-0.0001107296
2.2911999518e-5	-7.887236e-5
2.2927999518e-5	-2.842814e-5
2.2943999517e-5	-1.059737e-5
2.2959999517e-5	2.531739e-5
2.2975999517e-5	6.181128e-5
2.2991999516e-5	7.622765e-5
2.3007999516e-5	9.231784e-5
2.3023999516e-5	0.0001163777
2.3039999515e-5	0.0001234553
2.3055999515e-5	0.0001426931
2.3071999515e-5	0.0001784601
2.3087999514e-5	0.0001489624
2.3103999514e-5	0.0001567605
2.3119999514e-5	0.000167927
2.3135999513e-5	0.0001448783
2.3151999513e-5	0.0001334567
2.3167999513e-5	0.0001136666
2.3183999512e-5	0.000105059
2.3199999512e-5	9.49266e-5
2.3215999512e-5	9.672537e-5
2.3231999511e-5	8.319076e-5
2.3247999511e-5	6.499155e-5
2.3263999511e-5	7.058844e-5
2.327999951e-5	7.906889e-5
2.329599951e-5	8.742246e-5
2.331199951e-5	0.0001189411
2.3327999509e-5	0.0001269245
2.3343999509e-5	0.0001525222
2.3359999508e-5	0.0001371336
2.3375999508e-5	0.0001376424
2.3391999508e-5	0.0001348026
2.3407999507e-5	0.0001510537
2.3423999507e-5	0.0001461247
2.3439999507e-5	0.0001575494
2.3455999506e-5	0.0001501029
2.3471999506e-5	0.0001334588
2.3487999506e-5	9.763029e-5
2.3503999505e-5	5.655515e-5
2.3519999505e-5	2.634612e-5
2.3535999505e-5	-5.131761e-6
2.3551999504e-5	-3.917847e-5
2.3567999504e-5	-8.970813e-5
2.3583999504e-5	-7.49397e-5
2.3599999503e-5	-0.0001121609
2.3615999503e-5	-0.0001343658
2.3631999503e-5	-0.0001440717
2.3647999502e-5	-0.0001477987
2.3663999502e-5	-0.0001748711
2.3679999502e-5	-0.0001558451
2.3695999501e-5	-0.0001653913
2.3711999501e-5	-0.0001746771
2.3727999501e-5	-0.0001496386
2.37439995e-5	-0.0001275671
2.37599995e-5	-0.0001263251
2.37759995e-5	-0.000125986
2.3791999499e-5	-0.0001332396
2.3807999499e-5	-0.0001427242
2.3823999499e-5	-0.0001346276
2.3839999498e-5	-0.0001197097
2.3855999498e-5	-0.000101061
2.3871999498e-5	-9.74087e-5
2.3887999497e-5	-8.18261e-5
2.3903999497e-5	-6.598842e-5
2.3919999497e-5	-8.339086e-5
2.3935999496e-5	-7.844981e-5
2.3951999496e-5	-5.297024e-5
2.3967999496e-5	-5.584703e-5
2.3983999495e-5	-4.055727e-5
2.3999999495e-5	-1.050272e-5
2.4015999495e-5	2.430474e-6
2.4031999494e-5	2.184047e-5
2.4047999494e-5	3.637397e-5
2.4063999494e-5	4.309126e-5
2.4079999493e-5	4.951788e-5
2.4095999493e-5	5.259932e-5
2.4111999493e-5	6.997604e-5
2.4127999492e-5	8.909556e-5
2.4143999492e-5	0.0001185124
2.4159999492e-5	0.0001459692
2.4175999491e-5	0.000149025
2.4191999491e-5	0.0001490123
2.4207999491e-5	0.0001515695
2.422399949e-5	0.0001531419
2.423999949e-5	0.0001463534
2.425599949e-5	0.0001309988
2.4271999489e-5	0.000127558
2.4287999489e-5	0.0001467694
2.4303999489e-5	0.0001328853
2.4319999488e-5	0.0001013017
2.4335999488e-5	9.387868e-5
2.4351999488e-5	9.817358e-5
2.4367999487e-5	0.0001049222
2.4383999487e-5	8.108198e-5
2.4399999487e-5	7.958233e-5
2.4415999486e-5	7.366809e-5
2.4431999486e-5	7.586928e-5
2.4447999486e-5	6.157237e-5
2.4463999485e-5	6.183331e-5
2.4479999485e-5	3.967033e-5
2.4495999485e-5	1.845283e-5
2.4511999484e-5	1.229701e-6
2.4527999484e-5	-3.465962e-6
2.4543999484e-5	4.035923e-6
2.4559999483e-5	-2.194336e-6
2.4575999483e-5	-4.117145e-5
2.4591999483e-5	-7.220176e-5
2.4607999482e-5	-0.0001026626
2.4623999482e-5	-0.0001084175
2.4639999482e-5	-0.0001265973
2.4655999481e-5	-0.0001571215
2.4671999481e-5	-0.0001674965
2.4687999481e-5	-0.0001819482
2.470399948e-5	-0.0001793674
2.471999948e-5	-0.0001946322
2.473599948e-5	-0.0001976979
2.4751999479e-5	-0.0001680932
2.4767999479e-5	-0.0001648472
2.4783999479e-5	-0.0001469187
2.4799999478e-5	-0.0001326121
2.4815999478e-5	-0.0001158687
2.4831999478e-5	-0.0001230376
2.4847999477e-5	-0.000108724
2.4863999477e-5	-0.0001050187
2.4879999477e-5	-8.563371e-5
2.4895999476e-5	-6.280158e-5
2.4911999476e-5	-4.774938e-5
2.4927999476e-5	-2.405673e-5
2.4943999475e-5	-1.656919e-5
2.4959999475e-5	-2.279262e-5
2.4975999474e-5	-1.079762e-5
2.4991999474e-5	-2.044383e-5
2.5007999474e-5	-9.640467e-6
2.5023999473e-5	-9.578842e-6
2.5039999473e-5	2.360434e-5
2.5055999473e-5	6.011342e-5
2.5071999472e-5	7.241065e-5
2.5087999472e-5	9.003072e-5
2.5103999472e-5	8.566589e-5
2.5119999471e-5	8.593436e-5
2.5135999471e-5	6.239924e-5
2.5151999471e-5	9.095519e-5
2.516799947e-5	0.0001052418
2.518399947e-5	0.0001297783
2.519999947e-5	0.0001277353
2.5215999469e-5	0.0001241473
2.5231999469e-5	0.0001508745
2.5247999469e-5	0.0001293829
2.5263999468e-5	0.0001306642
2.5279999468e-5	9.781831e-5
2.5295999468e-5	9.978881e-5
2.5311999467e-5	0.0001076391
2.5327999467e-5	0.0001064765
2.5343999467e-5	0.000110547
2.5359999466e-5	9.808229e-5
2.5375999466e-5	7.424285e-5
2.5391999466e-5	7.643968e-5
2.5407999465e-5	9.75032e-5
2.5423999465e-5	0.0001000065
2.5439999465e-5	9.341819e-5
2.5455999464e-5	8.568325e-5
2.5471999464e-5	9.685635e-5
2.5487999464e-5	0.000112371
2.5503999463e-5	9.584037e-5
2.5519999463e-5	7.409461e-5
2.5535999463e-5	8.565105e-5
2.5551999462e-5	5.920942e-5
2.5567999462e-5	6.798714e-5
2.5583999462e-5	6.549621e-5
2.5599999461e-5	3.547763e-5
2.5615999461e-5	-1.785022e-5
2.5631999461e-5	-3.113066e-5
2.564799946e-5	-4.109721e-5
2.566399946e-5	-5.964279e-5
2.567999946e-5	-8.526702e-5
2.5695999459e-5	-0.0001116228
2.5711999459e-5	-0.0001383787
2.5727999459e-5	-0.000159225
2.5743999458e-5	-0.0001904496
2.5759999458e-5	-0.000207685
2.5775999458e-5	-0.0002084816
2.5791999457e-5	-0.0002264544
2.5807999457e-5	-0.0002200185
2.5823999457e-5	-0.000207354
2.5839999456e-5	-0.0001826446
2.5855999456e-5	-0.0001778769
2.5871999456e-5	-0.0001470781
2.5887999455e-5	-0.0001392617
2.5903999455e-5	-0.000128834
2.5919999455e-5	-9.432378e-5
2.5935999454e-5	-9.63823e-5
2.5951999454e-5	-9.262745e-5
2.5967999454e-5	-4.940425e-5
2.5983999453e-5	-2.748599e-5
2.5999999453e-5	9.683524e-7
2.6015999453e-5	8.940186e-6
2.6031999452e-5	7.302001e-6
2.6047999452e-5	1.653547e-5
2.6063999452e-5	4.292279e-5
2.6079999451e-5	4.841919e-5
2.6095999451e-5	4.909307e-5
2.6111999451e-5	6.082963e-5
2.612799945e-5	7.440231e-5
2.614399945e-5	6.710505e-5
2.615999945e-5	8.049131e-5
2.6175999449e-5	9.206802e-5
2.6191999449e-5	8.831206e-5
2.6207999449e-5	9.063845e-5
2.6223999448e-5	7.422771e-5
2.6239999448e-5	7.775359e-5
2.6255999448e-5	6.556918e-5
2.6271999447e-5	5.986932e-5
2.6287999447e-5	4.216002e-5
2.6303999447e-5	5.332852e-5
2.6319999446e-5	6.148178e-5
2.6335999446e-5	6.885298e-5
2.6351999446e-5	0.0001019732
2.6367999445e-5	0.0001153022
2.6383999445e-5	0.0001119245
2.6399999445e-5	0.00010146
2.6415999444e-5	9.040498e-5
2.6431999444e-5	0.0001041409
2.6447999444e-5	8.786781e-5
2.6463999443e-5	7.437345e-5
2.6479999443e-5	6.464151e-5
2.6495999443e-5	5.323645e-5
2.6511999442e-5	7.618662e-5
2.6527999442e-5	6.423829e-5
2.6543999442e-5	6.561178e-5
2.6559999441e-5	4.996289e-5
2.6575999441e-5	3.490017e-5
2.659199944e-5	4.506695e-6
2.660799944e-5	1.788114e-5
2.662399944e-5	2.038374e-7
2.6639999439e-5	-1.254911e-5
2.6655999439e-5	7.641696e-6
2.6671999439e-5	-6.265925e-6
2.6687999438e-5	-1.449037e-5
2.6703999438e-5	-2.378447e-5
2.6719999438e-5	-4.71521e-5
2.6735999437e-5	-5.138636e-5
2.6751999437e-5	-7.374147e-5
2.6767999437e-5	-9.204296e-5
2.6783999436e-5	-8.350459e-5
2.6799999436e-5	-9.417534e-5
2.6815999436e-5	-0.0001132102
2.6831999435e-5	-0.0001498898
2.6847999435e-5	-0.0001564287
2.6863999435e-5	-0.0001790307
2.6879999434e-5	-0.0001920583
2.6895999434e-5	-0.00015618
2.6911999434e-5	-0.000171929
2.6927999433e-5	-0.0001736
2.6943999433e-5	-0.0001605572
2.6959999433e-5	-0.0001404996
2.6975999432e-5	-0.0001364011
2.6991999432e-5	-0.0001384115
2.7007999432e-5	-0.000111765
2.7023999431e-5	-8.471531e-5
2.7039999431e-5	-8.973073e-5
2.7055999431e-5	-8.504585e-5
2.707199943e-5	-7.994118e-5
2.708799943e-5	-6.209443e-5
2.710399943e-5	-4.061169e-5
2.7119999429e-5	-1.930501e-5
2.7135999429e-5	-6.706082e-6
2.7151999429e-5	3.173773e-5
2.7167999428e-5	6.553214e-5
2.7183999428e-5	7.810499e-5
2.7199999428e-5	7.79016e-5
2.7215999427e-5	8.735067e-5
2.7231999427e-5	0.0001040589
2.7247999427e-5	0.0001326457
2.7263999426e-5	0.0001045059
2.7279999426e-5	0.0001189571
2.7295999426e-5	0.0001338301
2.7311999425e-5	0.0001432518
2.7327999425e-5	0.0001444339
2.7343999425e-5	0.0001438245
2.7359999424e-5	0.0001413914
2.7375999424e-5	0.0001499097
2.7391999424e-5	0.0001534041
2.7407999423e-5	0.0001504912
2.7423999423e-5	0.0001454701
2.7439999423e-5	0.0001563325
2.7455999422e-5	0.0001596213
2.7471999422e-5	0.0001558804
2.7487999422e-5	0.0001399092
2.7503999421e-5	0.000138244
2.7519999421e-5	9.613267e-5
2.7535999421e-5	5.925115e-5
2.755199942e-5	4.404294e-5
2.756799942e-5	3.253405e-5
2.758399942e-5	2.924526e-5
2.7599999419e-5	3.661736e-5
2.7615999419e-5	1.058322e-5
2.7631999419e-5	1.348627e-6
2.7647999418e-5	-2.964692e-5
2.7663999418e-5	-4.214088e-5
2.7679999418e-5	-3.882508e-5
2.7695999417e-5	-5.976678e-5
2.7711999417e-5	-6.06649e-5
2.7727999417e-5	-5.931376e-5
2.7743999416e-5	-7.864465e-5
2.7759999416e-5	-0.0001065981
2.7775999416e-5	-0.0001049123
2.7791999415e-5	-0.0001023411
2.7807999415e-5	-0.0001116269
2.7823999415e-5	-0.0001058071
2.7839999414e-5	-0.0001292055
2.7855999414e-5	-0.0001415789
2.7871999414e-5	-0.0001587219
2.7887999413e-5	-0.0001493872
2.7903999413e-5	-0.0001341726
2.7919999413e-5	-0.0001041554
2.7935999412e-5	-0.0001022241
2.7951999412e-5	-0.0001053931
2.7967999412e-5	-0.0001169267
2.7983999411e-5	-0.0001009854
2.7999999411e-5	-8.600763e-5
2.8015999411e-5	-4.169947e-5
2.803199941e-5	-1.394569e-5
2.804799941e-5	3.297594e-5
2.806399941e-5	3.673569e-5
2.8079999409e-5	3.275292e-5
2.8095999409e-5	4.335032e-5
2.8111999409e-5	5.242808e-5
2.8127999408e-5	6.734605e-5
2.8143999408e-5	6.420675e-5
2.8159999408e-5	6.393586e-5
2.8175999407e-5	6.766514e-5
2.8191999407e-5	6.138578e-5
2.8207999406e-5	5.715719e-5
2.8223999406e-5	4.481191e-5
2.8239999406e-5	3.957385e-5
2.8255999405e-5	2.897416e-5
2.8271999405e-5	1.855143e-5
2.8287999405e-5	2.992589e-5
2.8303999404e-5	1.642695e-5
2.8319999404e-5	1.937949e-5
2.8335999404e-5	1.632379e-7
2.8351999403e-5	4.570486e-6
2.8367999403e-5	7.052608e-6
2.8383999403e-5	-2.943635e-6
2.8399999402e-5	1.016587e-6
2.8415999402e-5	5.34872e-6
2.8431999402e-5	1.328876e-5
2.8447999401e-5	3.823902e-5
2.8463999401e-5	6.103734e-5
2.8479999401e-5	4.19681e-5
2.84959994e-5	4.662439e-5
2.85119994e-5	5.203968e-5
2.85279994e-5	8.91784e-5
2.8543999399e-5	0.0001013756
2.8559999399e-5	9.671614e-5
2.8575999399e-5	9.634336e-5
2.8591999398e-5	7.871466e-5
2.8607999398e-5	6.547966e-5
2.8623999398e-5	5.559351e-5
2.8639999397e-5	5.026451e-5
2.8655999397e-5	4.069286e-5
2.8671999397e-5	4.717368e-5
2.8687999396e-5	4.645471e-5
2.8703999396e-5	4.288828e-5
2.8719999396e-5	3.304432e-5
2.8735999395e-5	3.981723e-5
2.8751999395e-5	3.46365e-5
2.8767999395e-5	2.674822e-6
2.8783999394e-5	-2.518993e-5
2.8799999394e-5	-3.384541e-5
2.8815999394e-5	-5.627937e-5
2.8831999393e-5	-7.189929e-5
2.8847999393e-5	-5.159099e-5
2.8863999393e-5	-6.393812e-5
2.8879999392e-5	-8.704251e-5
2.8895999392e-5	-0.000104209
2.8911999392e-5	-9.340356e-5
2.8927999391e-5	-0.0001013201
2.8943999391e-5	-0.000114483
2.8959999391e-5	-0.0001193628
2.897599939e-5	-0.000143055
2.899199939e-5	-0.0001230938
2.900799939e-5	-0.0001189838
2.9023999389e-5	-0.000141339
2.9039999389e-5	-0.0001313066
2.9055999389e-5	-0.0001605325
2.9071999388e-5	-0.0001230285
2.9087999388e-5	-0.0001394919
2.9103999388e-5	-0.0001441878
2.9119999387e-5	-0.000113395
2.9135999387e-5	-8.832157e-5
2.9151999387e-5	-6.004299e-5
2.9167999386e-5	-4.135751e-5
2.9183999386e-5	-2.07395e-5
2.9199999386e-5	1.955141e-5
2.9215999385e-5	4.185089e-5
2.9231999385e-5	5.647975e-5
2.9247999385e-5	7.099671e-5
2.9263999384e-5	0.0001017247
2.9279999384e-5	0.0001358079
2.9295999384e-5	0.000164148
2.9311999383e-5	0.0001761997
2.9327999383e-5	0.0001900822
2.9343999383e-5	0.0001853586
2.9359999382e-5	0.0001859989
2.9375999382e-5	0.0001869073
2.9391999382e-5	0.0001840436
2.9407999381e-5	0.0001570339
2.9423999381e-5	0.0001459463
2.9439999381e-5	0.0001265526
2.945599938e-5	7.317183e-5
2.947199938e-5	6.561403e-5
2.948799938e-5	5.709765e-5
2.9503999379e-5	4.865205e-5
2.9519999379e-5	4.384141e-5
2.9535999379e-5	3.468784e-5
2.9551999378e-5	1.760419e-5
2.9567999378e-5	2.487567e-6
2.9583999378e-5	-3.727188e-5
2.9599999377e-5	-7.835973e-6
2.9615999377e-5	1.027271e-6
2.9631999377e-5	-1.058384e-6
2.9647999376e-5	5.422198e-6
2.9663999376e-5	-2.10988e-6
2.9679999376e-5	-3.870116e-6
2.9695999375e-5	1.881652e-5
2.9711999375e-5	8.787123e-6
2.9727999375e-5	7.426395e-6
2.9743999374e-5	-7.639564e-6
2.9759999374e-5	-2.650202e-5
2.9775999374e-5	-3.177174e-5
2.9791999373e-5	-2.092372e-5
2.9807999373e-5	-2.775126e-5
2.9823999372e-5	-3.339415e-5
2.9839999372e-5	-5.388469e-5
2.9855999372e-5	-5.62317e-5
2.9871999371e-5	-0.0001038076
2.9887999371e-5	-9.946581e-5
2.9903999371e-5	-9.702575e-5
2.991999937e-5	-0.0001089324
2.993599937e-5	-8.722002e-5
2.995199937e-5	-7.327649e-5
2.9967999369e-5	-6.248838e-5
2.9983999369e-5	-5.506823e-5
2.9999999369e-5	-6.349651e-5
3.0015999368e-5	-7.109386e-5
3.0031999368e-5	-4.739827e-5
3.0047999368e-5	-4.163328e-5
3.0063999367e-5	-3.372488e-5
3.0079999367e-5	-2.047393e-5
3.0095999367e-5	-3.104044e-5
3.0111999366e-5	-1.861245e-5
3.0127999366e-5	-1.910267e-5
3.0143999366e-5	-4.581188e-6
3.0159999365e-5	-5.007447e-6
3.0175999365e-5	-8.619538e-6
3.0191999365e-5	-1.317804e-5
3.0207999364e-5	-1.922273e-5
3.0223999364e-5	-2.665085e-5
3.0239999364e-5	-2.908721e-5
3.0255999363e-5	-2.461404e-5
3.0271999363e-5	-1.900648e-5
3.0287999363e-5	-1.417755e-5
3.0303999362e-5	-4.877039e-6
3.0319999362e-5	7.773448e-7
3.0335999362e-5	8.98636e-6
3.0351999361e-5	9.973841e-6
3.0367999361e-5	3.068732e-5
3.0383999361e-5	4.547545e-5
3.039999936e-5	6.065148e-5
3.041599936e-5	6.82828e-5
3.043199936e-5	6.694192e-5
3.0447999359e-5	9.228848e-5
3.0463999359e-5	0.0001115266
3.0479999359e-5	0.0001257417
3.0495999358e-5	0.0001285173
3.0511999358e-5	0.0001362637
3.0527999358e-5	0.0001325298
3.0543999357e-5	0.0001204883
3.0559999357e-5	0.0001249398
3.0575999357e-5	0.00013425
3.0591999356e-5	0.0001429615
3.0607999356e-5	0.0001080461
3.0623999356e-5	0.0001079981
3.0639999355e-5	0.000108299
3.0655999355e-5	8.883349e-5
3.0671999355e-5	6.918999e-5
3.0687999354e-5	3.187063e-5
3.0703999354e-5	2.594506e-5
3.0719999354e-5	1.606319e-5
3.0735999353e-5	-8.414746e-6
3.0751999353e-5	-3.536422e-5
3.0767999353e-5	-5.444958e-5
3.0783999352e-5	-6.980871e-5
3.0799999352e-5	-6.056432e-5
3.0815999352e-5	-8.804724e-5
3.0831999351e-5	-0.0001068594
3.0847999351e-5	-0.0001281088
3.0863999351e-5	-0.0001154792
3.087999935e-5	-0.0001203717
3.089599935e-5	-0.0001381873
3.091199935e-5	-0.000137855
3.0927999349e-5	-0.0001290648
3.0943999349e-5	-0.0001199424
3.0959999349e-5	-0.0001213316
3.0975999348e-5	-0.0001245306
3.0991999348e-5	-9.98379e-5
3.1007999348e-5	-0.0001194082
3.1023999347e-5	-0.0001287365
3.1039999347e-5	-0.0001334125
3.1055999347e-5	-0.0001186926
3.1071999346e-5	-0.000117473
3.1087999346e-5	-0.000107392
3.1103999346e-5	-0.0001005888
3.1119999345e-5	-7.810876e-5
3.1135999345e-5	-6.257952e-5
3.1151999345e-5	-4.606088e-5
3.1167999344e-5	-5.41974e-5
3.1183999344e-5	-1.340832e-5
3.1199999344e-5	-5.192429e-6
3.1215999343e-5	1.633314e-5
3.1231999343e-5	9.975018e-6
3.1247999343e-5	1.318276e-5
3.1263999342e-5	5.029264e-5
3.1279999342e-5	5.644912e-5
3.1295999342e-5	5.742641e-5
3.1311999341e-5	4.917493e-5
3.1327999341e-5	4.535785e-5
3.1343999341e-5	4.517179e-5
3.135999934e-5	6.34765e-5
3.137599934e-5	7.990852e-5
3.139199934e-5	8.968133e-5
3.1407999339e-5	8.797533e-5
3.1423999339e-5	8.503332e-5
3.1439999338e-5	8.353e-5
3.1455999338e-5	6.656272e-5
3.1471999338e-5	8.506753e-5
3.1487999337e-5	9.031185e-5
3.1503999337e-5	9.423489e-5
3.1519999337e-5	9.95544e-5
3.1535999336e-5	0.0001095908
3.1551999336e-5	0.0001193269
3.1567999336e-5	0.0001077567
3.1583999335e-5	0.0001100647
3.1599999335e-5	0.0001232725
3.1615999335e-5	0.0001354107
3.1631999334e-5	0.000145772
3.1647999334e-5	0.0001502591
3.1663999334e-5	0.0001490835
3.1679999333e-5	0.0001383874
3.1695999333e-5	0.0001101789
3.1711999333e-5	8.82187e-5
3.1727999332e-5	0.0001160693
3.1743999332e-5	0.0001208965
3.1759999332e-5	0.0001084391
3.1775999331e-5	9.420489e-5
3.1791999331e-5	7.382128e-5
3.1807999331e-5	3.041284e-5
3.182399933e-5	2.580532e-5
3.183999933e-5	1.774917e-6
3.185599933e-5	-1.294275e-5
3.1871999329e-5	-3.616734e-5
3.1887999329e-5	-5.587999e-5
3.1903999329e-5	-8.355967e-5
3.1919999328e-5	-0.0001122754
3.1935999328e-5	-0.000128033
3.1951999328e-5	-0.0001489256
3.1967999327e-5	-0.0001763125
3.1983999327e-5	-0.0001857999
3.1999999327e-5	-0.0001770423
3.2015999326e-5	-0.0001396198
3.2031999326e-5	-0.0001053402
3.2047999326e-5	-0.0001230367
3.2063999325e-5	-9.763546e-5
3.2079999325e-5	-8.626074e-5
3.2095999325e-5	-7.496035e-5
3.2111999324e-5	-7.23542e-5
3.2127999324e-5	-7.633888e-5
3.2143999324e-5	-8.257439e-5
3.2159999323e-5	-7.911114e-5
3.2175999323e-5	-7.005867e-5
3.2191999323e-5	-6.109464e-5
3.2207999322e-5	-8.376835e-5
3.2223999322e-5	-9.150785e-5
3.2239999322e-5	-9.879519e-5
3.2255999321e-5	-8.79872e-5
3.2271999321e-5	-8.611596e-5
3.2287999321e-5	-8.048533e-5
3.230399932e-5	-7.000031e-5
3.231999932e-5	-5.334933e-5
3.233599932e-5	-5.222439e-5
3.2351999319e-5	-3.696267e-5
3.2367999319e-5	-1.701172e-5
3.2383999319e-5	-1.731719e-5
3.2399999318e-5	6.219109e-6
3.2415999318e-5	2.326569e-5
3.2431999318e-5	4.794194e-5
3.2447999317e-5	6.400766e-5
3.2463999317e-5	0.0001002784
3.2479999317e-5	0.0001275839
3.2495999316e-5	0.00014769
3.2511999316e-5	0.0001481287
3.2527999316e-5	0.0001528942
3.2543999315e-5	0.0001898044
3.2559999315e-5	0.0001885785
3.2575999315e-5	0.0001849351
3.2591999314e-5	0.0001649531
3.2607999314e-5	0.0001662522
3.2623999314e-5	0.0001348249
3.2639999313e-5	0.0001211433
3.2655999313e-5	0.0001263108
3.2671999313e-5	0.0001109434
3.2687999312e-5	8.134721e-5
3.2703999312e-5	6.621501e-5
3.2719999312e-5	5.79649e-5
3.2735999311e-5	4.007395e-5
3.2751999311e-5	2.268408e-5
3.2767999311e-5	2.837275e-5
3.278399931e-5	-5.501399e-6
3.279999931e-5	-1.173362e-5
3.281599931e-5	-2.147077e-5
3.2831999309e-5	-2.991443e-5
3.2847999309e-5	-1.328693e-5
3.2863999309e-5	-5.374416e-5
3.2879999308e-5	-7.506826e-5
3.2895999308e-5	-5.396088e-5
3.2911999308e-5	-6.871684e-5
3.2927999307e-5	-8.214798e-5
3.2943999307e-5	-8.630591e-5
3.2959999307e-5	-7.046852e-5
3.2975999306e-5	-6.90392e-5
3.2991999306e-5	-5.856437e-5
3.3007999305e-5	-4.722891e-5
3.3023999305e-5	-3.047483e-5
3.3039999305e-5	-2.126172e-5
3.3055999304e-5	-2.207339e-5
3.3071999304e-5	-4.697722e-5
3.3087999304e-5	-6.088965e-5
3.3103999303e-5	-5.787783e-5
3.3119999303e-5	-8.566344e-5
3.3135999303e-5	-8.508567e-5
3.3151999302e-5	-8.085156e-5
3.3167999302e-5	-7.830217e-5
3.3183999302e-5	-6.054057e-5
3.3199999301e-5	-7.671659e-5
3.3215999301e-5	-8.029412e-5
3.3231999301e-5	-8.211753e-5
3.32479993e-5	-7.20453e-5
3.32639993e-5	-6.482139e-5
3.32799993e-5	-3.632123e-5
3.3295999299e-5	-3.97735e-5
3.3311999299e-5	-3.607265e-5
3.3327999299e-5	-1.274743e-5
3.3343999298e-5	-1.941753e-6
3.3359999298e-5	-2.584163e-6
3.3375999298e-5	-4.139896e-6
3.3391999297e-5	9.886702e-6
3.3407999297e-5	-1.519673e-5
3.3423999297e-5	-2.200778e-5
3.3439999296e-5	-1.114263e-5
3.3455999296e-5	-8.806484e-6
3.3471999296e-5	2.91284e-7
3.3487999295e-5	2.226696e-5
3.3503999295e-5	2.796632e-5
3.3519999295e-5	2.816287e-5
3.3535999294e-5	3.803488e-5
3.3551999294e-5	4.68286e-5
3.3567999294e-5	6.814864e-5
3.3583999293e-5	6.160816e-5
3.3599999293e-5	8.196626e-5
3.3615999293e-5	8.874867e-5
3.3631999292e-5	9.152164e-5
3.3647999292e-5	0.0001186008
3.3663999292e-5	0.000107756
3.3679999291e-5	0.0001118494
3.3695999291e-5	0.0001087476
3.3711999291e-5	0.0001118855
3.372799929e-5	0.0001105885
3.374399929e-5	9.976248e-5
3.375999929e-5	0.0001127798
3.3775999289e-5	8.685781e-5
3.3791999289e-5	6.660201e-5
3.3807999289e-5	7.267598e-5
3.3823999288e-5	6.02088e-5
3.3839999288e-5	3.472932e-5
3.3855999288e-5	2.396175e-5
3.3871999287e-5	1.822549e-6
3.3887999287e-5	-1.633933e-5
3.3903999287e-5	-3.135817e-5
3.3919999286e-5	-3.182269e-5
3.3935999286e-5	-3.186161e-5
3.3951999286e-5	-2.933713e-5
3.3967999285e-5	-4.50273e-5
3.3983999285e-5	-5.5099e-5
3.3999999285e-5	-7.976935e-5
3.4015999284e-5	-9.166022e-5
3.4031999284e-5	-9.589786e-5
3.4047999284e-5	-8.763997e-5
3.4063999283e-5	-8.467533e-5
3.4079999283e-5	-7.710149e-5
3.4095999283e-5	-7.385064e-5
3.4111999282e-5	-6.412058e-5
3.4127999282e-5	-6.567383e-5
3.4143999282e-5	-5.182625e-5
3.4159999281e-5	-4.126268e-5
3.4175999281e-5	-4.629298e-5
3.4191999281e-5	-5.275885e-5
3.420799928e-5	-3.504302e-5
3.422399928e-5	-2.071843e-5
3.423999928e-5	-3.445848e-5
3.4255999279e-5	-2.677182e-5
3.4271999279e-5	6.907142e-6
3.4287999279e-5	6.763682e-7
3.4303999278e-5	-5.7165e-6
3.4319999278e-5	-2.686759e-5
3.4335999278e-5	-1.873214e-5
3.4351999277e-5	-3.811841e-5
3.4367999277e-5	-4.337609e-5
3.4383999277e-5	-4.488144e-5
3.4399999276e-5	-4.369563e-5
3.4415999276e-5	-5.632128e-5
3.4431999276e-5	-6.336792e-5
3.4447999275e-5	-6.120188e-5
3.4463999275e-5	-2.935729e-5
3.4479999275e-5	-1.381637e-5
3.4495999274e-5	-9.365884e-6
3.4511999274e-5	1.876748e-6
3.4527999274e-5	2.763587e-5
3.4543999273e-5	3.978752e-5
3.4559999273e-5	4.710069e-5
3.4575999273e-5	5.075633e-5
3.4591999272e-5	4.754297e-5
3.4607999272e-5	5.202462e-5
3.4623999271e-5	0.0001013814
3.4639999271e-5	8.740502e-5
3.4655999271e-5	7.728925e-5
3.467199927e-5	5.94734e-5
3.468799927e-5	4.338102e-5
3.470399927e-5	4.938649e-5
3.4719999269e-5	5.578207e-5
3.4735999269e-5	5.06651e-5
3.4751999269e-5	6.170926e-5
3.4767999268e-5	4.729391e-5
3.4783999268e-5	4.631966e-5
3.4799999268e-5	2.064919e-5
3.4815999267e-5	2.475522e-5
3.4831999267e-5	1.751113e-5
3.4847999267e-5	2.828638e-5
3.4863999266e-5	3.1918e-5
3.4879999266e-5	3.514854e-5
3.4895999266e-5	4.456762e-5
3.4911999265e-5	4.837881e-5
3.4927999265e-5	2.477485e-5
3.4943999265e-5	2.722268e-5
3.4959999264e-5	3.241892e-5
3.4975999264e-5	3.881931e-5
3.4991999264e-5	2.639486e-5
3.5007999263e-5	4.354569e-5
3.5023999263e-5	2.355244e-5
3.5039999263e-5	-1.437771e-6
3.5055999262e-5	-1.060932e-5
3.5071999262e-5	-3.976431e-6
3.5087999262e-5	-2.905023e-5
3.5103999261e-5	-5.840633e-5
3.5119999261e-5	-7.430797e-5
3.5135999261e-5	-8.98986e-5
3.515199926e-5	-0.0001076098
3.516799926e-5	-9.878595e-5
3.518399926e-5	-9.361298e-5
3.5199999259e-5	-0.000100952
3.5215999259e-5	-0.0001151969
3.5231999259e-5	-0.0001182996
3.5247999258e-5	-0.0001405919
3.5263999258e-5	-0.0001546521
3.5279999258e-5	-0.0001293049
3.5295999257e-5	-0.0001459303
3.5311999257e-5	-0.0001591379
3.5327999257e-5	-0.0001743689
3.5343999256e-5	-0.000160779
3.5359999256e-5	-0.0001685434
3.5375999256e-5	-0.0001528017
3.5391999255e-5	-0.0001178174
3.5407999255e-5	-0.0001026331
3.5423999255e-5	-8.113828e-5
3.5439999254e-5	-4.72871e-5
3.5455999254e-5	-2.10132e-5
3.5471999254e-5	1.044683e-6
3.5487999253e-5	7.179494e-6
3.5503999253e-5	3.337297e-5
3.5519999253e-5	6.41499e-5
3.5535999252e-5	9.126324e-5
3.5551999252e-5	8.566958e-5
3.5567999252e-5	0.0001023353
3.5583999251e-5	0.0001154433
3.5599999251e-5	9.275526e-5
3.5615999251e-5	9.054481e-5
3.563199925e-5	9.01257e-5
3.564799925e-5	6.056355e-5
3.566399925e-5	5.364865e-5
3.5679999249e-5	3.606964e-5
3.5695999249e-5	2.796123e-5
3.5711999249e-5	2.240177e-5
3.5727999248e-5	2.284872e-5
3.5743999248e-5	2.128249e-5
3.5759999248e-5	-4.612531e-6
3.5775999247e-5	7.273156e-7
3.5791999247e-5	-1.023278e-5
3.5807999247e-5	-7.738806e-6
3.5823999246e-5	2.13433e-5
3.5839999246e-5	3.582805e-5
3.5855999246e-5	7.122655e-5
3.5871999245e-5	8.475686e-5
3.5887999245e-5	9.168933e-5
3.5903999245e-5	0.0001295601
3.5919999244e-5	0.0001406425
3.5935999244e-5	0.0001449577
3.5951999244e-5	0.0001380606
3.5967999243e-5	0.0001566506
3.5983999243e-5	0.0001557039
3.5999999243e-5	0.000160236
3.6015999242e-5	0.0001510428
3.6031999242e-5	0.0001260538
3.6047999242e-5	9.242636e-5
3.6063999241e-5	6.051308e-5
3.6079999241e-5	2.47341e-5
3.6095999241e-5	-2.835865e-6
3.611199924e-5	-1.199392e-5
3.612799924e-5	-5.701798e-5
3.614399924e-5	-7.608857e-5
3.6159999239e-5	-8.576133e-5
3.6175999239e-5	-7.367657e-5
3.6191999239e-5	-8.923501e-5
3.6207999238e-5	-9.922877e-5
3.6223999238e-5	-0.0001046623
3.6239999237e-5	-8.877786e-5
3.6255999237e-5	-7.545844e-5
3.6271999237e-5	-7.416811e-5
3.6287999236e-5	-6.63028e-5
3.6303999236e-5	-5.250676e-5
3.6319999236e-5	-4.7821e-5
3.6335999235e-5	-5.20137e-5
3.6351999235e-5	-5.805823e-5
3.6367999235e-5	-3.911534e-5
3.6383999234e-5	-3.153706e-5
3.6399999234e-5	-4.854893e-5
3.6415999234e-5	-4.224848e-5
3.6431999233e-5	-3.958047e-5
3.6447999233e-5	-2.925393e-5
3.6463999233e-5	-2.443567e-5
3.6479999232e-5	-3.284839e-5
3.6495999232e-5	-1.848159e-5
3.6511999232e-5	-1.580586e-5
3.6527999231e-5	-1.490266e-6
3.6543999231e-5	2.879135e-7
3.6559999231e-5	4.172811e-6
3.657599923e-5	-1.145279e-5
3.659199923e-5	2.05183e-7
3.660799923e-5	-1.390791e-5
3.6623999229e-5	-1.477361e-5
3.6639999229e-5	-1.920707e-5
3.6655999229e-5	-8.470075e-6
3.6671999228e-5	-2.354939e-5
3.6687999228e-5	-3.241506e-5
3.6703999228e-5	-6.358086e-6
3.6719999227e-5	-1.02482e-5
3.6735999227e-5	-1.092849e-5
3.6751999227e-5	-8.287989e-6
3.6767999226e-5	-6.731995e-6
3.6783999226e-5	-2.013416e-6
3.6799999226e-5	5.382442e-6
3.6815999225e-5	3.612527e-5
3.6831999225e-5	4.696987e-5
3.6847999225e-5	4.371879e-5
3.6863999224e-5	6.46839e-5
3.6879999224e-5	7.003207e-5
3.6895999224e-5	7.293937e-5
3.6911999223e-5	7.55165e-5
3.6927999223e-5	7.479402e-5
3.6943999223e-5	8.029171e-5
3.6959999222e-5	5.616235e-5
3.6975999222e-5	6.756999e-5
3.6991999222e-5	5.281415e-5
3.7007999221e-5	4.860893e-5
3.7023999221e-5	5.5828e-5
3.7039999221e-5	5.506328e-5
3.705599922e-5	6.432763e-5
3.707199922e-5	4.588381e-5
3.708799922e-5	3.887793e-5
3.7103999219e-5	3.300263e-5
3.7119999219e-5	1.470364e-5
3.7135999219e-5	4.532904e-7
3.7151999218e-5	-3.725004e-5
3.7167999218e-5	-4.059854e-5
3.7183999218e-5	-6.021961e-5
3.7199999217e-5	-7.244346e-5
3.7215999217e-5	-9.39922e-5
3.7231999217e-5	-9.075465e-5
3.7247999216e-5	-8.020537e-5
3.7263999216e-5	-8.294568e-5
3.7279999216e-5	-8.715315e-5
3.7295999215e-5	-9.049146e-5
3.7311999215e-5	-7.96839e-5
3.7327999215e-5	-8.257425e-5
3.7343999214e-5	-8.486231e-5
3.7359999214e-5	-8.158984e-5
3.7375999214e-5	-7.911428e-5
3.7391999213e-5	-6.550102e-5
3.7407999213e-5	-5.123386e-5
3.7423999213e-5	-3.020287e-5
3.7439999212e-5	-3.009845e-5
3.7455999212e-5	-1.819255e-5
3.7471999212e-5	-2.584229e-5
3.7487999211e-5	-2.005645e-5
3.7503999211e-5	6.255276e-6
3.7519999211e-5	6.288876e-6
3.753599921e-5	2.224564e-5
3.755199921e-5	3.578623e-5
3.756799921e-5	4.007858e-5
3.7583999209e-5	3.902346e-5
3.7599999209e-5	2.475782e-5
3.7615999209e-5	2.614782e-5
3.7631999208e-5	3.04357e-5
3.7647999208e-5	5.064689e-5
3.7663999208e-5	2.806196e-5
3.7679999207e-5	4.602686e-5
3.7695999207e-5	5.67671e-5
3.7711999207e-5	4.044747e-5
3.7727999206e-5	4.296886e-5
3.7743999206e-5	3.886608e-5
3.7759999206e-5	1.98089e-5
3.7775999205e-5	2.258476e-5
3.7791999205e-5	1.649e-5
3.7807999205e-5	1.609009e-5
3.7823999204e-5	-8.884543e-6
3.7839999204e-5	-1.08602e-5
3.7855999203e-5	-1.461295e-5
3.7871999203e-5	5.886801e-6
3.7887999203e-5	6.594611e-6
3.7903999202e-5	-3.999844e-6
3.7919999202e-5	-2.4922e-7
3.7935999202e-5	3.437449e-5
3.7951999201e-5	2.596546e-5
3.7967999201e-5	5.260167e-5
3.7983999201e-5	4.163058e-5
3.79999992e-5	6.432919e-5
3.80159992e-5	4.22918e-5
3.80319992e-5	4.058387e-5
3.8047999199e-5	5.227918e-5
3.8063999199e-5	2.824834e-5
3.8079999199e-5	1.3962e-5
3.8095999198e-5	1.866535e-5
3.8111999198e-5	2.615306e-5
3.8127999198e-5	2.194577e-5
3.8143999197e-5	1.069871e-6
3.8159999197e-5	-1.365621e-5
3.8175999197e-5	-1.398424e-7
3.8191999196e-5	-8.225868e-6
3.8207999196e-5	-7.68312e-6
3.8223999196e-5	-1.846728e-5
3.8239999195e-5	-2.575122e-5
3.8255999195e-5	-3.61215e-5
3.8271999195e-5	-3.340375e-5
3.8287999194e-5	-5.054408e-5
3.8303999194e-5	-6.518452e-5
3.8319999194e-5	-6.721739e-5
3.8335999193e-5	-6.106861e-5
3.8351999193e-5	-5.930375e-5
3.8367999193e-5	-5.204436e-5
3.8383999192e-5	-4.548858e-5
3.8399999192e-5	-4.651352e-5
3.8415999192e-5	-6.647097e-5
3.8431999191e-5	-6.68787e-5
3.8447999191e-5	-5.64652e-5
3.8463999191e-5	-6.036701e-5
3.847999919e-5	-6.616374e-5
3.849599919e-5	-7.200058e-5
3.851199919e-5	-6.007124e-5
3.8527999189e-5	-5.105649e-5
3.8543999189e-5	-3.39824e-5
3.8559999189e-5	-4.301724e-5
3.8575999188e-5	-4.48366e-5
3.8591999188e-5	-4.175023e-5
3.8607999188e-5	-2.886196e-5
3.8623999187e-5	-2.161214e-5
3.8639999187e-5	-3.291955e-5
3.8655999187e-5	-2.017773e-5
3.8671999186e-5	-6.700016e-6
3.8687999186e-5	8.740786e-6
3.8703999186e-5	1.771637e-5
3.8719999185e-5	2.648577e-5
3.8735999185e-5	3.152957e-5
3.8751999185e-5	1.459425e-5
3.8767999184e-5	4.192366e-5
3.8783999184e-5	5.486458e-5
3.8799999184e-5	8.466195e-5
3.8815999183e-5	8.814502e-5
3.8831999183e-5	0.0001192895
3.8847999183e-5	0.0001073555
3.8863999182e-5	9.791008e-5
3.8879999182e-5	8.889623e-5
3.8895999182e-5	9.408493e-5
3.8911999181e-5	8.429177e-5
3.8927999181e-5	8.613621e-5
3.8943999181e-5	8.188949e-5
3.895999918e-5	8.368675e-5
3.897599918e-5	7.239384e-5
3.899199918e-5	6.786113e-5
3.9007999179e-5	4.7815e-5
3.9023999179e-5	2.409102e-5
3.9039999179e-5	5.12186e-6
3.9055999178e-5	-1.672838e-5
3.9071999178e-5	-3.124256e-5
3.9087999178e-5	-3.782015e-5
3.9103999177e-5	-3.645612e-5
3.9119999177e-5	-1.074332e-5
3.9135999177e-5	-2.424934e-5
3.9151999176e-5	-5.549914e-5
3.9167999176e-5	-6.357352e-5
3.9183999176e-5	-7.38149e-5
3.9199999175e-5	-7.698317e-5
3.9215999175e-5	-4.949383e-5
3.9231999175e-5	-4.237173e-5
3.9247999174e-5	-5.949011e-5
3.9263999174e-5	-6.490387e-5
3.9279999174e-5	-5.135197e-5
3.9295999173e-5	-6.328602e-5
3.9311999173e-5	-6.657599e-5
3.9327999173e-5	-7.717325e-5
3.9343999172e-5	-6.669267e-5
3.9359999172e-5	-6.4077e-5
3.9375999172e-5	-4.157518e-5
3.9391999171e-5	-4.732747e-6
3.9407999171e-5	-1.00833e-5
3.9423999171e-5	-2.678142e-5
3.943999917e-5	-3.392443e-5
3.945599917e-5	-2.312439e-5
3.9471999169e-5	-3.272526e-5
3.9487999169e-5	-2.490349e-5
3.9503999169e-5	-2.643131e-5
3.9519999168e-5	-2.988211e-5
3.9535999168e-5	-2.789567e-5
3.9551999168e-5	-3.457197e-5
3.9567999167e-5	-2.711833e-5
3.9583999167e-5	-3.237279e-5
3.9599999167e-5	-3.357688e-5
3.9615999166e-5	-7.594118e-6
3.9631999166e-5	-1.332568e-5
3.9647999166e-5	-2.472194e-6
3.9663999165e-5	2.58717e-6
3.9679999165e-5	3.392684e-6
3.9695999165e-5	1.367695e-6
3.9711999164e-5	-6.169545e-6
3.9727999164e-5	-1.764024e-5
3.9743999164e-5	1.624619e-6
3.9759999163e-5	-2.702178e-6
3.9775999163e-5	-1.89898e-6
3.9791999163e-5	2.531497e-5
3.9807999162e-5	8.970705e-6
3.9823999162e-5	6.713961e-6
3.9839999162e-5	-2.104831e-6
3.9855999161e-5	-2.730199e-7
3.9871999161e-5	3.689763e-6
3.9887999161e-5	2.198531e-5
3.990399916e-5	3.03396e-5
3.991999916e-5	4.037168e-5
3.993599916e-5	6.588761e-5
3.9951999159e-5	7.051243e-5
3.9967999159e-5	6.817743e-5
3.9983999159e-5	5.358001e-5
