Source File Name:	Scan
Signal:	Time - Vib Velocity - Samples

Time	Time Signal
[ s ]	[ m/s ]
0	-4.909404e-5
1.5999999663e-8	-8.022795e-5
3.1999999327e-8	-1.57386e-5
4.799999899e-8	-5.496205e-5
6.3999998653e-8	-0.0001746942
7.9999998317e-8	-0.0002121414
9.599999798e-8	-0.0002641085
1.1199999764e-7	-0.0002442309
1.2799999731e-7	-6.91759e-5
1.4399999697e-7	-0.0002055542
1.5999999663e-7	-0.0003176162
1.759999963e-7	-0.0002293721
1.9199999596e-7	-0.0004063707
2.0799999562e-7	-0.0004672466
2.2399999529e-7	-0.0004013694
2.3999999495e-7	-0.0004181452
2.5599999461e-7	-0.0002276028
2.7199999428e-7	0.0001799884
2.8799999394e-7	0.000335107
3.039999936e-7	0.0003994529
3.1999999327e-7	0.0004123667
3.3599999293e-7	0.0004863911
3.5199999259e-7	0.0003379316
3.6799999226e-7	0.0002358877
3.8399999192e-7	0.0001753088
3.9999999158e-7	0.0002272125
4.1599999125e-7	0.0002583077
4.3199999091e-7	0.0002766397
4.4799999057e-7	0.0003343157
4.6399999024e-7	0.0002432324
4.799999899e-7	0.0001751705
4.9599998956e-7	0.0001685645
5.1199998923e-7	0.0001502896
5.2799998889e-7	-2.244688e-5
5.4399998855e-7	-0.0001975201
5.5999998822e-7	-0.0004455288
5.7599998788e-7	-0.0003296644
5.9199998754e-7	-0.0001358551
6.0799998721e-7	-1.614912e-5
6.2399998687e-7	-0.0001568012
6.3999998653e-7	0.000147875
6.559999862e-7	9.159854e-5
6.7199998586e-7	-9.813665e-5
6.8799998552e-7	-2.828681e-5
7.0399998519e-7	0.0001347399
7.1999998485e-7	0.0001107342
7.3599998451e-7	0.0001699965
7.5199998418e-7	0.0001684292
7.6799998384e-7	-3.497742e-5
7.839999835e-7	-0.0001743952
7.9999998317e-7	-0.0001659704
8.1599998283e-7	-5.416315e-5
8.3199998249e-7	-3.063668e-6
8.4799998216e-7	-0.0002190038
8.6399998182e-7	-0.0001509524
8.7999998148e-7	-0.0002646529
8.9599998115e-7	-0.0001731595
9.1199998081e-7	-0.000220625
9.2799998047e-7	-0.0001820872
9.4399998014e-7	-0.0002083814
9.599999798e-7	-0.0002208638
9.7599997946e-7	-0.0003299676
9.9199997913e-7	-0.0003877958
1.0079999788e-6	-0.0001988967
1.0239999785e-6	-0.0002706897
1.0399999781e-6	-0.000360117
1.0559999778e-6	-0.0002679115
1.0719999774e-6	-0.0002488277
1.0879999771e-6	-6.894598e-5
1.1039999768e-6	7.155789e-5
1.1199999764e-6	0.0001799378
1.1359999761e-6	0.0001046507
1.1519999758e-6	0.0002267715
1.1679999754e-6	0.0002726573
1.1839999751e-6	0.0002361683
1.1999999748e-6	0.0001941938
1.2159999744e-6	0.0003328875
1.2319999741e-6	0.0003722212
1.2479999737e-6	0.0004766267
1.2639999734e-6	0.000458413
1.2799999731e-6	0.0006320878
1.2959999727e-6	0.0005751539
1.3119999724e-6	0.000338122
1.3279999721e-6	0.0002580973
1.3439999717e-6	0.0003425919
1.3599999714e-6	0.0002652732
1.375999971e-6	0.0002638182
1.3919999707e-6	9.909111e-5
1.4079999704e-6	1.899104e-5
1.42399997e-6	1.876539e-5
1.4399999697e-6	-0.000169519
1.4559999694e-6	-0.0002931629
1.471999969e-6	-0.0002785925
1.4879999687e-6	-0.0002227723
1.5039999684e-6	-6.522211e-5
1.519999968e-6	0.0003401377
1.5359999677e-6	0.0003903986
1.5519999673e-6	0.0004127958
1.567999967e-6	0.0001164167
1.5839999667e-6	0.0002305598
1.5999999663e-6	0.0002731505
1.615999966e-6	0.0001356993
1.6319999657e-6	0.0002024825
1.6479999653e-6	8.564501e-5
1.663999965e-6	0.0002514028
1.6799999647e-6	0.0001565718
1.6959999643e-6	0.0003407881
1.711999964e-6	0.0002731484
1.7279999636e-6	6.997418e-5
1.7439999633e-6	-0.0001055628
1.759999963e-6	5.611633e-5
1.7759999626e-6	8.502601e-5
1.7919999623e-6	0.0001780533
1.807999962e-6	0.0001365918
1.8239999616e-6	-0.0002941232
1.8399999613e-6	-0.000474507
1.8559999609e-6	-0.0006284118
1.8719999606e-6	-0.0005480807
1.8879999603e-6	-0.0005007734
1.9039999599e-6	-0.0004387101
1.9199999596e-6	-0.0006381152
1.9359999593e-6	-0.0006388938
1.9519999589e-6	-0.000408094
1.9679999586e-6	-0.0002679772
1.9839999583e-6	-9.330828e-5
1.9999999579e-6	-2.448469e-5
2.0159999576e-6	-0.000110634
2.0319999572e-6	0.0001338937
2.0479999569e-6	0.0002066751
2.0639999566e-6	0.0001127122
2.0799999562e-6	4.646608e-5
2.0959999559e-6	0.0002362478
2.1119999556e-6	0.0002796857
2.1279999552e-6	0.0003550063
2.1439999549e-6	0.0002816371
2.1599999546e-6	0.0001421467
2.1759999542e-6	0.0001801949
2.1919999539e-6	1.616306e-5
2.2079999535e-6	-0.0001598385
2.2239999532e-6	-0.0004194512
2.2399999529e-6	-0.000412296
2.2559999525e-6	-0.0001398337
2.2719999522e-6	-3.881825e-5
2.2879999519e-6	-6.739949e-5
2.3039999515e-6	-0.0001260255
2.3199999512e-6	4.431178e-5
2.3359999508e-6	0.0001605331
2.3519999505e-6	8.330659e-5
2.3679999502e-6	0.000270532
2.3839999498e-6	0.0004458
2.3999999495e-6	0.0003780931
2.4159999492e-6	0.0004638398
2.4319999488e-6	0.0005726937
2.4479999485e-6	0.0005269984
2.4639999482e-6	0.0005172368
2.4799999478e-6	0.0002849369
2.4959999475e-6	3.203535e-5
2.5119999471e-6	-2.050552e-6
2.5279999468e-6	-3.34457e-5
2.5439999465e-6	-0.0001565883
2.5599999461e-6	-0.0001855706
2.5759999458e-6	-7.480491e-5
2.5919999455e-6	-8.500736e-5
2.6079999451e-6	-5.788249e-5
2.6239999448e-6	-0.0002077764
2.6399999445e-6	-0.0002162826
2.6559999441e-6	-0.0002925608
2.6719999438e-6	-0.0001275371
2.6879999434e-6	1.757081e-5
2.7039999431e-6	0.0001084022
2.7199999428e-6	0.0001030854
2.7359999424e-6	0.0001686173
2.7519999421e-6	0.0003706944
2.7679999418e-6	0.0003802543
2.7839999414e-6	0.0002281183
2.7999999411e-6	-4.057145e-5
2.8159999408e-6	-4.724866e-5
2.8319999404e-6	3.386287e-5
2.8479999401e-6	7.295646e-5
2.8639999397e-6	5.930033e-5
2.8799999394e-6	0.0003213252
2.8959999391e-6	0.0002084939
2.9119999387e-6	0.0001953902
2.9279999384e-6	0.0003026391
2.9439999381e-6	0.000239929
2.9599999377e-6	0.0002995465
2.9759999374e-6	8.205838e-5
2.991999937e-6	-1.286489e-5
3.0079999367e-6	0.0002548679
3.0239999364e-6	0.0002172358
3.039999936e-6	-4.535272e-5
3.0559999357e-6	-0.0001150092
3.0719999354e-6	-0.0001499171
3.087999935e-6	-0.0002532255
3.1039999347e-6	-0.0002846569
3.1199999344e-6	-0.0003567513
3.135999934e-6	-0.0004486559
3.1519999337e-6	-0.0004277909
3.1679999333e-6	-0.0005187406
3.183999933e-6	-0.0005773869
3.1999999327e-6	-0.0004524837
3.2159999323e-6	-0.0003847564
3.231999932e-6	-0.0001209497
3.2479999317e-6	1.582529e-5
3.2639999313e-6	1.71005e-7
3.279999931e-6	0.0001438058
3.2959999307e-6	0.0001796122
3.3119999303e-6	0.0002825379
3.32799993e-6	0.0005363816
3.3439999296e-6	0.0005050735
3.3599999293e-6	0.0003106289
3.375999929e-6	0.0001745557
3.3919999286e-6	6.544781e-5
3.4079999283e-6	0.0001102322
3.423999928e-6	0.0001985688
3.4399999276e-6	-6.93264e-5
3.4559999273e-6	-0.0001383218
3.4719999269e-6	-0.0002228942
3.4879999266e-6	-6.709655e-5
3.5039999263e-6	4.471337e-5
3.5199999259e-6	-0.0001233416
3.5359999256e-6	-0.0001957882
3.5519999253e-6	1.172348e-5
3.5679999249e-6	0.0001323677
3.5839999246e-6	0.0002963588
3.5999999243e-6	0.0004025601
3.6159999239e-6	0.0004735367
3.6319999236e-6	0.0006250992
3.6479999232e-6	0.0007693772
3.6639999229e-6	0.0009132485
3.6799999226e-6	0.0008536883
3.6959999222e-6	0.0007764634
3.7119999219e-6	0.0007818303
3.7279999216e-6	0.0008514964
3.7439999212e-6	0.0007058187
3.7599999209e-6	0.0004744782
3.7759999206e-6	0.0004904537
3.7919999202e-6	0.0005277439
3.8079999199e-6	0.0003152335
3.8239999195e-6	2.526788e-5
3.8399999192e-6	-0.000308601
3.8559999189e-6	-0.0005568811
3.8719999185e-6	-0.0005799906
3.8879999182e-6	-0.0009712459
3.9039999179e-6	-0.001057299
3.9199999175e-6	-0.0008822239
3.9359999172e-6	-0.0009934214
3.9519999168e-6	-0.001025025
3.9679999165e-6	-0.001091823
3.9839999162e-6	-0.001120717
3.9999999158e-6	-0.001153957
4.0159999155e-6	-0.001009141
4.0319999152e-6	-0.0008685505
4.0479999148e-6	-0.0008509614
4.0639999145e-6	-0.0005730672
4.0799999142e-6	-8.955212e-5
4.0959999138e-6	0.0002619165
4.1119999135e-6	0.0005305469
4.1279999131e-6	0.0004485554
4.1439999128e-6	0.0006451507
4.1599999125e-6	0.001001793
4.1759999121e-6	0.00105935
4.1919999118e-6	0.000982348
4.2079999115e-6	0.0008456097
4.2239999111e-6	0.0005665817
4.2399999108e-6	0.0003852092
4.2559999105e-6	0.0003733831
4.2719999101e-6	0.0003011155
4.2879999098e-6	1.736094e-5
4.3039999094e-6	-0.0003009156
4.3199999091e-6	-0.0007011776
4.3359999088e-6	-0.000817024
4.3519999084e-6	-0.00105542
4.3679999081e-6	-0.001117801
4.3839999078e-6	-0.001456854
4.3999999074e-6	-0.001701652
4.4159999071e-6	-0.001619773
4.4319999067e-6	-0.001377244
4.4479999064e-6	-0.001259212
4.4639999061e-6	-0.001110436
4.4799999057e-6	-0.0007982854
4.4959999054e-6	-0.0005297023
4.5119999051e-6	-0.0003730076
4.5279999047e-6	-3.240658e-5
4.5439999044e-6	0.0004945009
4.5599999041e-6	0.0007388072
4.5759999037e-6	0.001120891
4.5919999034e-6	0.001318591
4.607999903e-6	0.001543276
4.6239999027e-6	0.001803825
4.6399999024e-6	0.001767611
4.655999902e-6	0.001689178
4.6719999017e-6	0.001735615
4.6879999014e-6	0.00173054
4.703999901e-6	0.001463985
4.7199999007e-6	0.001137008
4.7359999004e-6	0.0006992014
4.7519999e-6	9.093019e-5
4.7679998997e-6	-8.105837e-5
4.7839998993e-6	-0.0004227029
4.799999899e-6	-0.0004928252
4.8159998987e-6	-0.0006072188
4.8319998983e-6	-0.0008966406
4.847999898e-6	-0.001315187
4.8639998977e-6	-0.001647794
4.8799998973e-6	-0.001492596
4.895999897e-6	-0.001370607
4.9119998966e-6	-0.001104508
4.9279998963e-6	-0.0007871304
4.943999896e-6	-0.0003682595
4.9599998956e-6	-5.640998e-5
4.9759998953e-6	0.0001611545
4.991999895e-6	0.000366206
5.0079998946e-6	0.0006100492
5.0239998943e-6	0.001022992
5.039999894e-6	0.001408352
5.0559998936e-6	0.001518157
5.0719998933e-6	0.001439653
5.0879998929e-6	0.001566478
5.1039998926e-6	0.001253842
5.1199998923e-6	0.001026401
5.1359998919e-6	0.0008190529
5.1519998916e-6	0.0005738373
5.1679998913e-6	0.0005398358
5.1839998909e-6	0.0001648554
5.1999998906e-6	-0.0001691584
5.2159998903e-6	-0.0004694113
5.2319998899e-6	-0.0005749507
5.2479998896e-6	-0.0008475569
5.2639998892e-6	-0.0008093967
5.2799998889e-6	-0.001089797
5.2959998886e-6	-0.0011935
5.3119998882e-6	-0.001104554
5.3279998879e-6	-0.001082004
5.3439998876e-6	-0.0007678961
5.3599998872e-6	-0.0006556825
5.3759998869e-6	-0.0005566132
5.3919998866e-6	-0.0005456817
5.4079998862e-6	-0.0004604351
5.4239998859e-6	-0.0003224499
5.4399998855e-6	-0.0003070072
5.4559998852e-6	-0.0001514537
5.4719998849e-6	-4.26399e-5
5.4879998845e-6	0.0001201206
5.5039998842e-6	0.0001815502
5.5199998839e-6	0.0003650657
5.5359998835e-6	0.0005139222
5.5519998832e-6	0.000334609
5.5679998828e-6	0.0003487021
5.5839998825e-6	0.0001312462
5.5999998822e-6	-8.905861e-6
5.6159998818e-6	0.0001009859
5.6319998815e-6	0.0002534217
5.6479998812e-6	0.0001608379
5.6639998808e-6	7.920439e-5
5.6799998805e-6	-9.648378e-5
5.6959998802e-6	-0.0001674375
5.7119998798e-6	-0.0004116846
5.7279998795e-6	-0.0006262965
5.7439998791e-6	-0.0004534204
5.7599998788e-6	-0.0003445715
5.7759998785e-6	-0.0001840487
5.7919998781e-6	-0.0001875452
5.8079998778e-6	-0.0002212063
5.8239998775e-6	-0.0001372379
5.8399998771e-6	3.701248e-5
5.8559998768e-6	0.0001005785
5.8719998765e-6	0.0001095339
5.8879998761e-6	9.348459e-5
5.9039998758e-6	0.0005000209
5.9199998754e-6	0.0006546875
5.9359998751e-6	0.00060258
5.9519998748e-6	0.0005751925
5.9679998744e-6	0.0004331226
5.9839998741e-6	0.0004356445
5.9999998738e-6	0.000300723
6.0159998734e-6	0.00020766
6.0319998731e-6	4.080364e-5
6.0479998727e-6	-4.677161e-5
6.0639998724e-6	-0.0002190486
6.0799998721e-6	-0.0003001128
6.0959998717e-6	-0.0003374516
6.1119998714e-6	-0.0005640448
6.1279998711e-6	-0.0005744643
6.1439998707e-6	-0.0006036707
6.1599998704e-6	-0.0005188087
6.1759998701e-6	-0.0005960205
6.1919998697e-6	-0.0004735479
6.2079998694e-6	-0.0003291033
6.223999869e-6	-0.0001760882
6.2399998687e-6	-4.462624e-5
6.2559998684e-6	0.000102382
6.271999868e-6	0.0001747415
6.2879998677e-6	0.0002470918
6.3039998674e-6	0.0005208591
6.319999867e-6	0.0005392443
6.3359998667e-6	0.0005501139
6.3519998664e-6	0.0006092273
6.367999866e-6	0.0005082438
6.3839998657e-6	0.0002796338
6.3999998653e-6	0.000426914
6.415999865e-6	0.0005035838
6.4319998647e-6	0.0004767083
6.4479998643e-6	0.0004118257
6.463999864e-6	0.000139616
6.4799998637e-6	-2.013103e-5
6.4959998633e-6	-1.956748e-6
6.511999863e-6	0.0001230546
6.5279998626e-6	5.258518e-5
6.5439998623e-6	0.000172206
6.559999862e-6	0.000241453
6.5759998616e-6	6.579758e-5
6.5919998613e-6	0.0002375388
6.607999861e-6	0.0001838851
6.6239998606e-6	-5.526379e-6
6.6399998603e-6	-0.0002192766
6.65599986e-6	-0.0002624
6.6719998596e-6	-0.0005030143
6.6879998593e-6	-0.0004746686
6.7039998589e-6	-0.0003613243
6.7199998586e-6	-0.0004773258
6.7359998583e-6	-0.0005197597
6.7519998579e-6	-0.0003990637
6.7679998576e-6	-0.0004097111
6.7839998573e-6	-0.0005331109
6.7999998569e-6	-0.0005825749
6.8159998566e-6	-0.0005480674
6.8319998563e-6	-0.0002623629
6.8479998559e-6	-0.0001751165
6.8639998556e-6	-6.811641e-5
6.8799998552e-6	-0.0001322889
6.8959998549e-6	2.328508e-5
6.9119998546e-6	0.0001378694
6.9279998542e-6	0.0002180669
6.9439998539e-6	0.0004319697
6.9599998536e-6	0.0004496449
6.9759998532e-6	0.0004918692
6.9919998529e-6	0.0004056547
7.0079998525e-6	0.0003588443
7.0239998522e-6	0.0002534837
7.0399998519e-6	2.249168e-5
7.0559998515e-6	-0.0001402585
7.0719998512e-6	-0.0005209071
7.0879998509e-6	-0.0006276863
7.1039998505e-6	-0.0004966886
7.1199998502e-6	-0.0006346104
7.1359998499e-6	-0.0007239705
7.1519998495e-6	-0.0008911408
7.1679998492e-6	-0.0008248285
7.1839998488e-6	-0.0006857926
7.1999998485e-6	-0.0006569554
7.2159998482e-6	-0.0006794684
7.2319998478e-6	-0.0004691583
7.2479998475e-6	-0.0004807471
7.2639998472e-6	-0.0002632514
7.2799998468e-6	9.167941e-5
7.2959998465e-6	0.0003491431
7.3119998462e-6	0.0005728808
7.3279998458e-6	0.0005670713
7.3439998455e-6	0.0004178764
7.3599998451e-6	0.0005287906
7.3759998448e-6	0.0005905692
7.3919998445e-6	0.0005532212
7.4079998441e-6	0.0003787029
7.4239998438e-6	0.0004132439
7.4399998435e-6	0.0004863875
7.4559998431e-6	0.0002551798
7.4719998428e-6	1.718401e-6
7.4879998424e-6	-0.0001929238
7.5039998421e-6	-0.000340769
7.5199998418e-6	-0.0002593276
7.5359998414e-6	-0.0001179406
7.5519998411e-6	-0.0002513863
7.5679998408e-6	-0.0001166241
7.5839998404e-6	0.0001025717
7.5999998401e-6	0.0001594194
7.6159998398e-6	8.54781e-5
7.6319998394e-6	6.065789e-5
7.6479998391e-6	0.0002392359
7.6639998387e-6	0.0006253786
7.6799998384e-6	0.0007844465
7.6959998381e-6	0.0008356866
7.7119998377e-6	0.0008373075
7.7279998374e-6	0.001099629
7.7439998371e-6	0.001097784
7.7599998367e-6	0.001317129
7.7759998364e-6	0.001190204
7.7919998361e-6	0.001234122
7.8079998357e-6	0.0008902717
7.8239998354e-6	0.0008427021
7.839999835e-6	0.0007508227
7.8559998347e-6	0.0005208857
7.8719998344e-6	0.0002782565
7.887999834e-6	3.086891e-5
7.9039998337e-6	-0.0003653672
7.9199998334e-6	-0.0005828368
7.935999833e-6	-0.0006412561
7.9519998327e-6	-0.0008619446
7.9679998324e-6	-0.0006157021
7.983999832e-6	-0.0008096684
7.9999998317e-6	-0.001039575
8.0159998313e-6	-0.0007787257
8.031999831e-6	-0.0006728859
8.0479998307e-6	-0.0007842
8.0639998303e-6	-0.000761457
8.07999983e-6	-0.0008105822
8.0959998297e-6	-0.0005518072
8.1119998293e-6	-0.0003455294
8.127999829e-6	-0.0002379814
8.1439998286e-6	-3.487094e-5
8.1599998283e-6	0.000136926
8.175999828e-6	-0.0001638236
8.1919998276e-6	-6.198606e-5
8.2079998273e-6	0.0001865411
8.223999827e-6	0.0001792856
8.2399998266e-6	0.0004704988
8.2559998263e-6	0.0005111518
8.271999826e-6	0.000446564
8.2879998256e-6	0.0003321846
8.3039998253e-6	0.0003906216
8.3199998249e-6	4.603998e-5
8.3359998246e-6	9.893821e-5
8.3519998243e-6	-7.132111e-5
8.3679998239e-6	-0.0002212966
8.3839998236e-6	-0.0003294542
8.3999998233e-6	-0.0004077143
8.4159998229e-6	-0.0005593982
8.4319998226e-6	-0.0008924473
8.4479998223e-6	-0.0008815979
8.4639998219e-6	-0.0009593881
8.4799998216e-6	-0.001059039
8.4959998212e-6	-0.001108807
8.5119998209e-6	-0.001101699
8.5279998206e-6	-0.000964336
8.5439998202e-6	-0.0009284399
8.5599998199e-6	-0.0008049412
8.5759998196e-6	-0.0005220904
8.5919998192e-6	-0.0005003249
8.6079998189e-6	-0.0004123455
8.6239998185e-6	-0.0001802012
8.6399998182e-6	3.574033e-5
8.6559998179e-6	0.0001989035
8.6719998175e-6	0.0004158729
8.6879998172e-6	0.0004526381
8.7039998169e-6	0.0006111239
8.7199998165e-6	0.0008639141
8.7359998162e-6	0.0008505876
8.7519998159e-6	0.000992069
8.7679998155e-6	0.001123491
8.7839998152e-6	0.001115642
8.7999998148e-6	0.0008039707
8.8159998145e-6	0.000823819
8.8319998142e-6	0.000773297
8.8479998138e-6	0.0007000014
8.8639998135e-6	0.0005584514
8.8799998132e-6	0.0004932142
8.8959998128e-6	0.000281963
8.9119998125e-6	0.0001733616
8.9279998122e-6	-5.311362e-5
8.9439998118e-6	-0.0001700495
8.9599998115e-6	-0.0002396513
8.9759998111e-6	-0.0001745246
8.9919998108e-6	-7.316711e-5
9.0079998105e-6	-7.858875e-5
9.0239998101e-6	0.0001701186
9.0399998098e-6	-5.974902e-5
9.0559998095e-6	-0.0002680433
9.0719998091e-6	-0.0004366464
9.0879998088e-6	-0.0004583204
9.1039998084e-6	-0.0004454206
9.1199998081e-6	-0.0004165121
9.1359998078e-6	7.612503e-5
9.1519998074e-6	0.0002089234
9.1679998071e-6	0.0002739595
9.1839998068e-6	0.0002059312
9.1999998064e-6	0.0002113613
9.2159998061e-6	0.0002652075
9.2319998058e-6	0.0001820009
9.2479998054e-6	-4.501504e-5
9.2639998051e-6	3.731786e-5
9.2799998047e-6	2.50697e-5
9.2959998044e-6	7.27075e-5
9.3119998041e-6	0.0001538005
9.3279998037e-6	0.0002370958
9.3439998034e-6	0.0002611691
9.3599998031e-6	0.0004093961
9.3759998027e-6	0.0002491271
9.3919998024e-6	0.000291204
9.4079998021e-6	0.000256622
9.4239998017e-6	0.0003757807
9.4399998014e-6	0.0002246349
9.455999801e-6	0.0001927085
9.4719998007e-6	0.000244187
9.4879998004e-6	0.0002715006
9.5039998e-6	0.0001513999
9.5199997997e-6	-0.000160592
9.5359997994e-6	-0.0002180444
9.551999799e-6	-0.0003673134
9.5679997987e-6	-0.0007300433
9.5839997983e-6	-0.0005855113
9.599999798e-6	-0.0003217552
9.6159997977e-6	-0.0003807294
9.6319997973e-6	-0.0006889802
9.647999797e-6	-0.0009437178
9.6639997967e-6	-0.0008418553
9.6799997963e-6	-0.0006457205
9.695999796e-6	-0.0005313111
9.7119997957e-6	-0.0004142853
9.7279997953e-6	-0.0002766098
9.743999795e-6	-0.0003139094
9.7599997946e-6	-0.000161869
9.7759997943e-6	-0.0001765679
9.791999794e-6	9.852388e-5
9.8079997936e-6	0.0005621102
9.8239997933e-6	0.0003939106
9.839999793e-6	0.0005787815
9.8559997926e-6	0.0006933803
9.8719997923e-6	0.0007193489
9.887999792e-6	0.0006747511
9.9039997916e-6	0.0005892849
9.9199997913e-6	0.0005734833
9.9359997909e-6	0.000377435
9.9519997906e-6	0.0003339982
9.9679997903e-6	0.0002592799
9.9839997899e-6	0.0001007683
9.9999997896e-6	-7.061254e-5
1.0015999789e-5	-0.0001535179
1.0031999789e-5	-0.0001472768
1.0047999789e-5	-0.0001231539
1.0063999788e-5	-0.0002417279
1.0079999788e-5	-0.0003206471
1.0095999788e-5	-0.0004648484
1.0111999787e-5	-0.0004544171
1.0127999787e-5	-0.0003987879
1.0143999787e-5	-0.0003365551
1.0159999786e-5	-0.0003434361
1.0175999786e-5	-0.0003470368
1.0191999786e-5	-0.0004271171
1.0207999785e-5	-0.0005197459
1.0223999785e-5	-0.0004562442
1.0239999785e-5	-0.0003273803
1.0255999784e-5	-0.000465242
1.0271999784e-5	-0.000521283
1.0287999784e-5	-0.0003127608
1.0303999783e-5	-0.0002872841
1.0319999783e-5	-0.0003102615
1.0335999783e-5	-0.0002196067
1.0351999782e-5	-0.0003212742
1.0367999782e-5	-0.0004209912
1.0383999782e-5	-0.0004704815
1.0399999781e-5	-0.0002329294
1.0415999781e-5	-6.114862e-5
1.0431999781e-5	-7.409664e-5
1.044799978e-5	-7.475517e-5
1.046399978e-5	0.0001795035
1.0479999779e-5	0.000455718
1.0495999779e-5	0.0005432612
1.0511999779e-5	0.0005112396
1.0527999778e-5	0.000565507
1.0543999778e-5	0.0005751381
1.0559999778e-5	0.0007755005
1.0575999777e-5	0.0008424423
1.0591999777e-5	0.0008541009
1.0607999777e-5	0.0006315088
1.0623999776e-5	0.0004574461
1.0639999776e-5	0.0005018215
1.0655999776e-5	0.0003641325
1.0671999775e-5	0.0001420315
1.0687999775e-5	-8.686264e-5
1.0703999775e-5	-0.0001947674
1.0719999774e-5	-0.0002197047
1.0735999774e-5	-5.024123e-5
1.0751999774e-5	0.000119879
1.0767999773e-5	0.0001603845
1.0783999773e-5	3.810523e-5
1.0799999773e-5	-8.259145e-5
1.0815999772e-5	-6.814505e-5
1.0831999772e-5	8.516974e-5
1.0847999772e-5	0.0001986454
1.0863999771e-5	0.0002222658
1.0879999771e-5	0.000219085
1.0895999771e-5	0.000286816
1.091199977e-5	0.0001432447
1.092799977e-5	0.0003143087
1.094399977e-5	0.0001452126
1.0959999769e-5	-2.538978e-5
1.0975999769e-5	-0.0001356123
1.0991999769e-5	-0.0001312917
1.1007999768e-5	-0.0003165828
1.1023999768e-5	-0.0001085557
1.1039999768e-5	-4.103935e-5
1.1055999767e-5	-0.000160424
1.1071999767e-5	-0.0001073637
1.1087999767e-5	-0.000222957
1.1103999766e-5	-0.0001918838
1.1119999766e-5	-0.0002468799
1.1135999766e-5	-4.678875e-5
1.1151999765e-5	-5.410187e-5
1.1167999765e-5	-3.382018e-5
1.1183999765e-5	6.56873e-5
1.1199999764e-5	-6.1335e-5
1.1215999764e-5	9.770306e-5
1.1231999764e-5	-0.0001221327
1.1247999763e-5	-0.000157161
1.1263999763e-5	-0.0001932495
1.1279999763e-5	-0.0003509683
1.1295999762e-5	-0.00056859
1.1311999762e-5	-0.0005399322
1.1327999762e-5	-0.0007174689
1.1343999761e-5	-0.0008074497
1.1359999761e-5	-0.0008768607
1.1375999761e-5	-0.0007756131
1.139199976e-5	-0.0007118727
1.140799976e-5	-0.0007532137
1.142399976e-5	-0.00068348
1.1439999759e-5	-0.0006388861
1.1455999759e-5	-0.0006595465
1.1471999759e-5	-0.0005885701
1.1487999758e-5	-0.0003560339
1.1503999758e-5	-0.0001636943
1.1519999758e-5	-7.618155e-5
1.1535999757e-5	-6.046029e-5
1.1551999757e-5	0.0001655791
1.1567999757e-5	-1.598707e-5
1.1583999756e-5	3.053392e-5
1.1599999756e-5	0.0002637684
1.1615999756e-5	0.000389118
1.1631999755e-5	0.0004495807
1.1647999755e-5	0.0003830711
1.1663999755e-5	0.0002854814
1.1679999754e-5	0.0003522595
1.1695999754e-5	0.0002943547
1.1711999754e-5	0.0002640981
1.1727999753e-5	0.0002576123
1.1743999753e-5	0.0002881
1.1759999753e-5	0.0002118475
1.1775999752e-5	3.70007e-5
1.1791999752e-5	-0.0001585429
1.1807999752e-5	0.0001117389
1.1823999751e-5	7.204583e-5
1.1839999751e-5	-0.0001154455
1.1855999751e-5	2.156539e-5
1.187199975e-5	3.899073e-5
1.188799975e-5	0.0002471361
1.190399975e-5	0.0003233811
1.1919999749e-5	0.0002632709
1.1935999749e-5	0.0001353086
1.1951999749e-5	0.0002768231
1.1967999748e-5	0.0001379864
1.1983999748e-5	0.000192284
1.1999999748e-5	0.0001940267
1.2015999747e-5	4.708887e-5
1.2031999747e-5	8.309939e-5
1.2047999747e-5	-9.176774e-5
1.2063999746e-5	-0.0001199732
1.2079999746e-5	2.703942e-5
1.2095999745e-5	-1.645953e-5
1.2111999745e-5	-0.0002288161
1.2127999745e-5	-0.0002081669
1.2143999744e-5	5.791404e-5
1.2159999744e-5	-0.000204219
1.2175999744e-5	-0.0003446341
1.2191999743e-5	-0.0001627199
1.2207999743e-5	-2.249409e-5
1.2223999743e-5	2.441908e-5
1.2239999742e-5	-5.23356e-6
1.2255999742e-5	5.055686e-5
1.2271999742e-5	0.0001884565
1.2287999741e-5	0.0002404783
1.2303999741e-5	0.0002832279
1.2319999741e-5	0.0004194031
1.233599974e-5	0.000424908
1.235199974e-5	5.086201e-5
1.236799974e-5	-1.99294e-5
1.2383999739e-5	-0.0001108545
1.2399999739e-5	-0.0001326153
1.2415999739e-5	-0.0001751189
1.2431999738e-5	-0.0001727261
1.2447999738e-5	-0.00030693
1.2463999738e-5	-0.0001117178
1.2479999737e-5	-0.0001024202
1.2495999737e-5	-0.0002619712
1.2511999737e-5	-0.0005493233
1.2527999736e-5	-0.0006069328
1.2543999736e-5	-0.0007448572
1.2559999736e-5	-0.0004526352
1.2575999735e-5	-0.0002588182
1.2591999735e-5	-0.0001495419
1.2607999735e-5	-3.37188e-5
1.2623999734e-5	0.0001784454
1.2639999734e-5	-3.116525e-5
1.2655999734e-5	4.531691e-5
1.2671999733e-5	4.406086e-5
1.2687999733e-5	1.351956e-5
1.2703999733e-5	7.835375e-5
1.2719999732e-5	0.0001486682
1.2735999732e-5	6.067023e-5
1.2751999732e-5	-4.053632e-5
1.2767999731e-5	-6.42921e-5
1.2783999731e-5	-0.0001000968
1.2799999731e-5	-0.0002826061
1.281599973e-5	-0.0003184521
1.283199973e-5	-0.0003557772
1.284799973e-5	-0.0002461967
1.2863999729e-5	-0.0002420443
1.2879999729e-5	-7.147613e-5
1.2895999729e-5	-6.059213e-5
1.2911999728e-5	5.911565e-5
1.2927999728e-5	3.572147e-5
1.2943999728e-5	-8.441806e-5
1.2959999727e-5	-3.468315e-5
1.2975999727e-5	0.0001547717
1.2991999727e-5	0.0002753853
1.3007999726e-5	0.0004421044
1.3023999726e-5	0.0002787678
1.3039999726e-5	0.0003581465
1.3055999725e-5	0.0003639266
1.3071999725e-5	3.830689e-5
1.3087999725e-5	0.0001394052
1.3103999724e-5	0.0001355074
1.3119999724e-5	8.747472e-5
1.3135999724e-5	0.0002091561
1.3151999723e-5	2.239417e-5
1.3167999723e-5	0.0003088718
1.3183999723e-5	0.0002418276
1.3199999722e-5	0.000185319
1.3215999722e-5	0.0001784734
1.3231999722e-5	-0.0002615864
1.3247999721e-5	-0.0002564387
1.3263999721e-5	-0.0002319031
1.3279999721e-5	-0.0002878293
1.329599972e-5	-0.0001846598
1.331199972e-5	-8.883741e-5
1.332799972e-5	-0.000120412
1.3343999719e-5	-2.309437e-5
1.3359999719e-5	-1.915313e-5
1.3375999719e-5	-9.842747e-5
1.3391999718e-5	-4.746823e-5
1.3407999718e-5	-0.0001902871
1.3423999718e-5	4.923975e-6
1.3439999717e-5	-0.000157461
1.3455999717e-5	-5.768074e-5
1.3471999717e-5	-0.0001190951
1.3487999716e-5	-0.0002728337
1.3503999716e-5	-0.0002363192
1.3519999716e-5	-0.000244351
1.3535999715e-5	-0.0002377034
1.3551999715e-5	-0.0002618009
1.3567999715e-5	-0.0001857912
1.3583999714e-5	-0.0001861993
1.3599999714e-5	-0.0003079052
1.3615999714e-5	-0.0001712961
1.3631999713e-5	5.660055e-5
1.3647999713e-5	0.000208694
1.3663999713e-5	0.0002595895
1.3679999712e-5	0.0002166495
1.3695999712e-5	0.0002623101
1.3711999711e-5	0.0003356671
1.3727999711e-5	0.0003914173
1.3743999711e-5	0.0005516807
1.375999971e-5	0.0004659343
1.377599971e-5	0.0004147497
1.379199971e-5	0.0005808151
1.3807999709e-5	0.0005873591
1.3823999709e-5	0.0007816479
1.3839999709e-5	0.0005626637
1.3855999708e-5	0.0002304016
1.3871999708e-5	1.424875e-5
1.3887999708e-5	8.802605e-5
1.3903999707e-5	-5.156995e-5
1.3919999707e-5	-9.587145e-5
1.3935999707e-5	-0.0001707941
1.3951999706e-5	-2.350757e-5
1.3967999706e-5	-3.812078e-5
1.3983999706e-5	-1.522807e-5
1.3999999705e-5	2.666528e-6
1.4015999705e-5	-0.0002558729
1.4031999705e-5	-0.0004046708
1.4047999704e-5	-0.0004077535
1.4063999704e-5	-0.0001742557
1.4079999704e-5	-0.0001320034
1.4095999703e-5	-0.0003873736
1.4111999703e-5	-0.0002564614
1.4127999703e-5	-0.0002516812
1.4143999702e-5	-0.0001580334
1.4159999702e-5	-5.844818e-5
1.4175999702e-5	-0.0001476974
1.4191999701e-5	-0.0002113245
1.4207999701e-5	5.890207e-5
1.4223999701e-5	0.0001685244
1.42399997e-5	0.0002112115
1.42559997e-5	0.0003448254
1.42719997e-5	0.0001763672
1.4287999699e-5	0.0003608943
1.4303999699e-5	0.0001418896
1.4319999699e-5	0.0001816273
1.4335999698e-5	1.251136e-5
1.4351999698e-5	0.0001245116
1.4367999698e-5	-2.787472e-5
1.4383999697e-5	-0.0001673234
1.4399999697e-5	-0.0003804176
1.4415999697e-5	-0.000207259
1.4431999696e-5	-0.0004601601
1.4447999696e-5	-0.0004312178
1.4463999696e-5	-0.0004036512
1.4479999695e-5	-0.000387412
1.4495999695e-5	-0.0002325784
1.4511999695e-5	-0.0002024273
1.4527999694e-5	-0.000248863
1.4543999694e-5	-0.0001995531
1.4559999694e-5	-1.39935e-5
1.4575999693e-5	0.0001176417
1.4591999693e-5	0.0002733909
1.4607999693e-5	0.0001362674
1.4623999692e-5	8.793581e-5
1.4639999692e-5	0.0001961521
1.4655999692e-5	0.0003276429
1.4671999691e-5	0.0001556597
1.4687999691e-5	3.375158e-5
1.4703999691e-5	-0.0001889928
1.471999969e-5	-0.0002743512
1.473599969e-5	-0.0001546595
1.475199969e-5	-0.0002693956
1.4767999689e-5	-0.0002085818
1.4783999689e-5	-0.0002288504
1.4799999689e-5	-0.0003063385
1.4815999688e-5	-0.0003284641
1.4831999688e-5	-0.0001664193
1.4847999688e-5	-0.0002959795
1.4863999687e-5	-0.0002052029
1.4879999687e-5	-0.0001597558
1.4895999687e-5	0.0001520523
1.4911999686e-5	0.0003631264
1.4927999686e-5	0.0004158185
1.4943999686e-5	0.0004964529
1.4959999685e-5	0.0004784358
1.4975999685e-5	0.0003034447
1.4991999685e-5	0.0002181705
1.5007999684e-5	0.0004676502
1.5023999684e-5	0.0004368609
1.5039999684e-5	0.0003517104
1.5055999683e-5	0.0002969481
1.5071999683e-5	0.000441147
1.5087999683e-5	0.0004245106
1.5103999682e-5	0.0005146449
1.5119999682e-5	0.0002674188
1.5135999682e-5	0.0001899712
1.5151999681e-5	0.0003907059
1.5167999681e-5	0.0005332656
1.5183999681e-5	0.000188988
1.519999968e-5	0.0002391606
1.521599968e-5	0.0001372023
1.523199968e-5	2.136064e-5
1.5247999679e-5	8.012094e-5
1.5263999679e-5	7.696316e-5
1.5279999679e-5	4.995982e-7
1.5295999678e-5	0.0001001045
1.5311999678e-5	0.0001292463
1.5327999677e-5	-7.052834e-5
1.5343999677e-5	-7.660105e-5
1.5359999677e-5	4.206026e-6
1.5375999676e-5	-0.0001813315
1.5391999676e-5	-0.0002305694
1.5407999676e-5	-0.0003217422
1.5423999675e-5	-0.0001761873
1.5439999675e-5	-9.529048e-6
1.5455999675e-5	-8.193689e-6
1.5471999674e-5	-4.308564e-5
1.5487999674e-5	-0.0001230403
1.5503999674e-5	-0.0003362834
1.5519999673e-5	-0.0004931091
1.5535999673e-5	-0.0003984376
1.5551999673e-5	-0.000291565
1.5567999672e-5	-0.0002902076
1.5583999672e-5	-0.0003342007
1.5599999672e-5	-0.0004154878
1.5615999671e-5	-0.0002167629
1.5631999671e-5	-6.113353e-5
1.5647999671e-5	-0.0002077258
1.566399967e-5	-0.0002816241
1.567999967e-5	1.896802e-6
1.569599967e-5	4.322557e-5
1.5711999669e-5	0.0001365124
1.5727999669e-5	0.0003516658
1.5743999669e-5	0.0003832446
1.5759999668e-5	0.0002565164
1.5775999668e-5	0.0002709107
1.5791999668e-5	0.0002960166
1.5807999667e-5	0.0001510752
1.5823999667e-5	0.0003590398
1.5839999667e-5	0.0001497529
1.5855999666e-5	0.0002692202
1.5871999666e-5	-3.332511e-5
1.5887999666e-5	6.457567e-5
1.5903999665e-5	-1.536686e-5
1.5919999665e-5	-0.0002990512
1.5935999665e-5	-0.0002092934
1.5951999664e-5	-0.0001718833
1.5967999664e-5	-0.000115343
1.5983999664e-5	-0.0001427967
1.5999999663e-5	-1.634501e-5
1.6015999663e-5	3.673865e-5
1.6031999663e-5	0.000152122
1.6047999662e-5	0.0002719528
1.6063999662e-5	0.0003898046
1.6079999662e-5	0.000389409
1.6095999661e-5	0.0003831908
1.6111999661e-5	0.0004623926
1.6127999661e-5	0.0004511544
1.614399966e-5	0.0006448814
1.615999966e-5	0.0004428957
1.617599966e-5	0.000572609
1.6191999659e-5	0.0003594412
1.6207999659e-5	0.0001430063
1.6223999659e-5	-8.064085e-5
1.6239999658e-5	1.833782e-5
1.6255999658e-5	-0.0001615668
1.6271999658e-5	-0.0001520867
1.6287999657e-5	-0.0002034657
1.6303999657e-5	-0.000204989
1.6319999657e-5	-0.0004577055
1.6335999656e-5	-0.0002549468
1.6351999656e-5	-0.0002387418
1.6367999656e-5	-0.0003148168
1.6383999655e-5	-0.0003390582
1.6399999655e-5	-0.0002495717
1.6415999655e-5	-0.0002165683
1.6431999654e-5	-8.361076e-5
1.6447999654e-5	2.003075e-5
1.6463999654e-5	-7.908193e-5
1.6479999653e-5	1.89403e-5
1.6495999653e-5	8.113503e-5
1.6511999653e-5	-3.516135e-5
1.6527999652e-5	0.000242792
1.6543999652e-5	0.0002334055
1.6559999652e-5	0.0002582263
1.6575999651e-5	0.0001057291
1.6591999651e-5	0.0001404437
1.6607999651e-5	-1.600155e-5
1.662399965e-5	2.854142e-5
1.663999965e-5	-8.957462e-5
1.665599965e-5	-0.0003681177
1.6671999649e-5	-0.000169641
1.6687999649e-5	-0.0002602331
1.6703999649e-5	-0.0004465424
1.6719999648e-5	-0.0005454433
1.6735999648e-5	-0.0003713275
1.6751999648e-5	-0.0001783687
1.6767999647e-5	-6.596183e-6
1.6783999647e-5	2.391922e-5
1.6799999647e-5	-2.211746e-6
1.6815999646e-5	8.82313e-5
1.6831999646e-5	9.760925e-5
1.6847999646e-5	9.686453e-5
1.6863999645e-5	0.000121474
1.6879999645e-5	3.864985e-5
1.6895999645e-5	9.53788e-5
1.6911999644e-5	0.0001385118
1.6927999644e-5	0.0001363308
1.6943999643e-5	-8.836697e-5
1.6959999643e-5	-0.0002377806
1.6975999643e-5	-0.0001133698
1.6991999642e-5	4.06786e-5
1.7007999642e-5	0.0001331509
1.7023999642e-5	6.236016e-5
1.7039999641e-5	1.109119e-5
1.7055999641e-5	7.69385e-5
1.7071999641e-5	-0.0001319181
1.708799964e-5	-0.0001184667
1.710399964e-5	-0.000247139
1.711999964e-5	-0.0001496055
1.7135999639e-5	3.986508e-6
1.7151999639e-5	-0.0002106617
1.7167999639e-5	4.277218e-6
1.7183999638e-5	0.0003471392
1.7199999638e-5	2.54986e-5
1.7215999638e-5	-4.445225e-5
1.7231999637e-5	-7.592344e-5
1.7247999637e-5	8.64793e-5
1.7263999637e-5	7.878395e-5
1.7279999636e-5	0.0002060107
1.7295999636e-5	0.0001480317
1.7311999636e-5	0.0002726857
1.7327999635e-5	0.0003430493
1.7343999635e-5	0.0001042535
1.7359999635e-5	-5.072411e-5
1.7375999634e-5	0.0001197686
1.7391999634e-5	2.661491e-5
1.7407999634e-5	-7.867648e-6
1.7423999633e-5	-1.600319e-5
1.7439999633e-5	-9.475558e-5
1.7455999633e-5	-9.800046e-5
1.7471999632e-5	-0.0002017553
1.7487999632e-5	-0.0003995057
1.7503999632e-5	-0.0003065557
1.7519999631e-5	-0.0003374256
1.7535999631e-5	-0.0003591214
1.7551999631e-5	-0.0004718658
1.756799963e-5	-0.0003640338
1.758399963e-5	3.744562e-5
1.759999963e-5	-4.37682e-5
1.7615999629e-5	0.0001703483
1.7631999629e-5	4.712804e-5
1.7647999629e-5	-0.0001426652
1.7663999628e-5	-0.0002793006
1.7679999628e-5	-0.000282846
1.7695999628e-5	-0.0001045564
1.7711999627e-5	0.0001220705
1.7727999627e-5	-0.0001321857
1.7743999627e-5	-0.0003155824
1.7759999626e-5	-0.0004851556
1.7775999626e-5	-0.0004147101
1.7791999626e-5	-0.0004798916
1.7807999625e-5	-0.0001887383
1.7823999625e-5	-6.757763e-5
1.7839999625e-5	-9.086329e-5
1.7855999624e-5	1.256699e-5
1.7871999624e-5	-8.239987e-5
1.7887999624e-5	-1.66041e-5
1.7903999623e-5	0.0001782616
1.7919999623e-5	0.0003724283
1.7935999623e-5	0.0003422319
1.7951999622e-5	0.0003431951
1.7967999622e-5	0.0003598887
1.7983999622e-5	0.0004395922
1.7999999621e-5	0.0003311392
1.8015999621e-5	0.0002289472
1.8031999621e-5	0.0002800508
1.804799962e-5	0.0002864831
1.806399962e-5	0.000204959
1.807999962e-5	0.0002715302
1.8095999619e-5	9.247222e-5
1.8111999619e-5	2.574088e-5
1.8127999619e-5	-4.188922e-5
1.8143999618e-5	5.684425e-5
1.8159999618e-5	-6.12548e-5
1.8175999618e-5	-0.000115187
1.8191999617e-5	-2.511797e-6
1.8207999617e-5	-0.0001143688
1.8223999617e-5	-5.012482e-5
1.8239999616e-5	-0.000222796
1.8255999616e-5	-0.0002218793
1.8271999616e-5	-6.632664e-5
1.8287999615e-5	-0.0001135043
1.8303999615e-5	6.168807e-5
1.8319999615e-5	-1.916128e-5
1.8335999614e-5	-6.953536e-5
1.8351999614e-5	6.494112e-5
1.8367999614e-5	-0.0001167774
1.8383999613e-5	-1.939938e-5
1.8399999613e-5	-0.0001684258
1.8415999613e-5	-0.0002246892
1.8431999612e-5	-0.0003422194
1.8447999612e-5	-0.0003990136
1.8463999612e-5	-0.0002837052
1.8479999611e-5	-0.0001679049
1.8495999611e-5	0.0001443092
1.8511999611e-5	7.917421e-5
1.852799961e-5	-4.441999e-5
1.854399961e-5	-9.282633e-5
1.8559999609e-5	-0.0001389587
1.8575999609e-5	6.341562e-5
1.8591999609e-5	0.000215592
1.8607999608e-5	0.0002239394
1.8623999608e-5	9.374155e-5
1.8639999608e-5	0.0001381158
1.8655999607e-5	0.0002811635
1.8671999607e-5	0.0002109324
1.8687999607e-5	-4.240504e-5
1.8703999606e-5	-0.0002167091
1.8719999606e-5	-0.0002690845
1.8735999606e-5	-0.0003702032
1.8751999605e-5	-0.0003842766
1.8767999605e-5	-0.0003952772
1.8783999605e-5	-0.0002630278
1.8799999604e-5	-0.000206155
1.8815999604e-5	-0.0001450659
1.8831999604e-5	-2.404643e-5
1.8847999603e-5	2.664337e-5
1.8863999603e-5	8.974764e-5
1.8879999603e-5	0.0003331308
1.8895999602e-5	0.0002211684
1.8911999602e-5	0.0004331825
1.8927999602e-5	0.0006086805
1.8943999601e-5	0.0006603439
1.8959999601e-5	0.0005996865
1.8975999601e-5	0.0006879601
1.89919996e-5	0.000529467
1.90079996e-5	0.0003918202
1.90239996e-5	0.000206977
1.9039999599e-5	2.30886e-5
1.9055999599e-5	2.784098e-5
1.9071999599e-5	1.332757e-5
1.9087999598e-5	-8.415246e-5
1.9103999598e-5	-7.510321e-5
1.9119999598e-5	-0.0002970113
1.9135999597e-5	-0.0003788761
1.9151999597e-5	-0.0003343755
1.9167999597e-5	-0.0002786969
1.9183999596e-5	-0.0003173419
1.9199999596e-5	-0.0002455868
1.9215999596e-5	-0.0003113967
1.9231999595e-5	-0.0001850333
1.9247999595e-5	2.2049e-5
1.9263999595e-5	0.0001128499
1.9279999594e-5	0.0001140295
1.9295999594e-5	0.0001536169
1.9311999594e-5	0.0003428609
1.9327999593e-5	6.52296e-5
1.9343999593e-5	3.037868e-5
1.9359999593e-5	9.472096e-5
1.9375999592e-5	0.0001695977
1.9391999592e-5	9.049359e-5
1.9407999592e-5	-7.113889e-5
1.9423999591e-5	-0.0001195919
1.9439999591e-5	-0.0001001717
1.9455999591e-5	-0.0001396776
1.947199959e-5	-3.578047e-5
1.948799959e-5	8.357978e-5
1.950399959e-5	0.0001149174
1.9519999589e-5	9.635807e-5
1.9535999589e-5	0.0003052038
1.9551999589e-5	0.0002012624
1.9567999588e-5	0.0002309479
1.9583999588e-5	0.0002914524
1.9599999588e-5	0.0003068871
1.9615999587e-5	0.0001583802
1.9631999587e-5	6.741285e-5
1.9647999587e-5	0.0001967925
1.9663999586e-5	0.0001715473
1.9679999586e-5	0.0001545195
1.9695999586e-5	0.0001741159
1.9711999585e-5	0.0001940505
1.9727999585e-5	-0.0002250177
1.9743999585e-5	-0.0002803494
1.9759999584e-5	-0.0004440725
1.9775999584e-5	-0.0004988456
1.9791999584e-5	-0.0003834948
1.9807999583e-5	-0.0004660458
1.9823999583e-5	-0.0005599345
1.9839999583e-5	-0.0002626539
1.9855999582e-5	-0.0001839725
1.9871999582e-5	-0.0003719877
1.9887999582e-5	-0.0001318329
1.9903999581e-5	-0.0003622357
1.9919999581e-5	-0.0001611642
1.9935999581e-5	-0.0001170128
1.995199958e-5	-0.0002034528
1.996799958e-5	-0.0001348694
1.998399958e-5	-8.447312e-6
1.9999999579e-5	0.0001276094
2.0015999579e-5	0.0002004419
2.0031999579e-5	0.0003627213
2.0047999578e-5	0.0003750895
2.0063999578e-5	3.492022e-5
2.0079999578e-5	-0.000233586
2.0095999577e-5	-0.0002125797
2.0111999577e-5	-0.0001130542
2.0127999576e-5	-0.0001701125
2.0143999576e-5	-0.0001772288
2.0159999576e-5	-9.506269e-5
2.0175999575e-5	-6.796021e-5
2.0191999575e-5	-7.160229e-5
2.0207999575e-5	6.415117e-5
2.0223999574e-5	-6.264287e-5
2.0239999574e-5	5.326592e-5
2.0255999574e-5	7.2487e-6
2.0271999573e-5	9.594428e-5
2.0287999573e-5	0.0002196851
2.0303999573e-5	0.0002394563
2.0319999572e-5	0.0001325105
2.0335999572e-5	7.694584e-5
2.0351999572e-5	-2.640647e-5
2.0367999571e-5	-0.0001095511
2.0383999571e-5	-0.0001429781
2.0399999571e-5	-0.0002407652
2.041599957e-5	-0.000225108
2.043199957e-5	-0.0004051808
2.044799957e-5	-0.00051854
2.0463999569e-5	-0.0004030905
2.0479999569e-5	-0.0004129827
2.0495999569e-5	-0.0001783359
2.0511999568e-5	-2.801787e-5
2.0527999568e-5	-4.247269e-5
2.0543999568e-5	4.391848e-5
2.0559999567e-5	0.0001940522
2.0575999567e-5	4.740059e-5
2.0591999567e-5	-4.871326e-7
2.0607999566e-5	-2.541466e-5
2.0623999566e-5	0.0001524233
2.0639999566e-5	0.0002800268
2.0655999565e-5	0.0003642206
2.0671999565e-5	0.0002014232
2.0687999565e-5	0.0001827636
2.0703999564e-5	0.0001645321
2.0719999564e-5	9.461145e-5
2.0735999564e-5	4.359775e-5
2.0751999563e-5	-0.0001395983
2.0767999563e-5	1.357013e-5
2.0783999563e-5	0.0001219716
2.0799999562e-5	0.000210557
2.0815999562e-5	0.000151797
2.0831999562e-5	0.0002311915
2.0847999561e-5	0.000227649
2.0863999561e-5	5.701261e-5
2.0879999561e-5	-4.141689e-5
2.089599956e-5	-4.654246e-5
2.091199956e-5	5.312114e-5
2.092799956e-5	-1.338498e-5
2.0943999559e-5	-0.0001097036
2.0959999559e-5	-0.0001321811
2.0975999559e-5	-9.954147e-5
2.0991999558e-5	2.034709e-5
2.1007999558e-5	-3.897135e-5
2.1023999558e-5	2.323647e-5
2.1039999557e-5	6.225774e-5
2.1055999557e-5	0.000159156
2.1071999557e-5	0.0002242269
2.1087999556e-5	0.0003269016
2.1103999556e-5	0.0003081522
2.1119999556e-5	9.18903e-5
2.1135999555e-5	4.744239e-5
2.1151999555e-5	0.000223888
2.1167999555e-5	0.0002364574
2.1183999554e-5	0.000203511
2.1199999554e-5	7.297464e-5
2.1215999554e-5	7.703977e-5
2.1231999553e-5	3.536197e-5
2.1247999553e-5	-4.757715e-6
2.1263999553e-5	8.185217e-5
2.1279999552e-5	0.0001604587
2.1295999552e-5	0.0001069303
2.1311999552e-5	-3.837988e-5
2.1327999551e-5	0.0001223796
2.1343999551e-5	0.0001734671
2.1359999551e-5	0.0001063783
2.137599955e-5	-9.527867e-6
2.139199955e-5	-7.098625e-5
2.140799955e-5	-1.803954e-6
2.1423999549e-5	-6.122924e-5
2.1439999549e-5	0.0001091899
2.1455999549e-5	-3.069186e-5
2.1471999548e-5	-0.0001032159
2.1487999548e-5	1.928841e-5
2.1503999548e-5	0.0002166057
2.1519999547e-5	0.0002156874
2.1535999547e-5	0.0003991494
2.1551999547e-5	0.0001035398
2.1567999546e-5	0.0001255699
2.1583999546e-5	5.797828e-5
2.1599999546e-5	5.288656e-5
2.1615999545e-5	-8.953127e-5
2.1631999545e-5	-3.832974e-7
2.1647999545e-5	0.0001746154
2.1663999544e-5	-1.572555e-5
2.1679999544e-5	-0.0001289854
2.1695999544e-5	-5.794688e-5
2.1711999543e-5	-9.903003e-5
2.1727999543e-5	-0.0001294732
2.1743999542e-5	-0.0002500098
2.1759999542e-5	-0.0003083349
2.1775999542e-5	-0.0004359633
2.1791999541e-5	-0.000537046
2.1807999541e-5	-0.0006326417
2.1823999541e-5	-0.0005945264
2.183999954e-5	-0.0006905832
2.185599954e-5	-0.0005700454
2.187199954e-5	-0.000369829
2.1887999539e-5	-0.0002922708
2.1903999539e-5	-0.0002969344
2.1919999539e-5	-0.000256382
2.1935999538e-5	-0.0002595095
2.1951999538e-5	-8.870164e-5
2.1967999538e-5	-9.585958e-5
2.1983999537e-5	0.0001630656
2.1999999537e-5	-3.877994e-5
2.2015999537e-5	8.344601e-6
2.2031999536e-5	5.221375e-5
2.2047999536e-5	8.370864e-5
2.2063999536e-5	-0.000202407
2.2079999535e-5	-1.838717e-6
2.2095999535e-5	-0.0001684919
2.2111999535e-5	-0.0002369119
2.2127999534e-5	5.627462e-7
2.2143999534e-5	0.0001872853
2.2159999534e-5	0.0002819002
2.2175999533e-5	0.0003079794
2.2191999533e-5	7.575603e-5
2.2207999533e-5	0.0001816697
2.2223999532e-5	0.0003598434
2.2239999532e-5	0.0002696394
2.2255999532e-5	0.0002227388
2.2271999531e-5	0.0002513895
2.2287999531e-5	-1.709571e-5
2.2303999531e-5	-2.033002e-5
2.231999953e-5	8.406895e-5
2.233599953e-5	-0.0001296811
2.235199953e-5	4.283985e-5
2.2367999529e-5	-4.563514e-5
2.2383999529e-5	-0.0001503457
2.2399999529e-5	-0.0003452605
2.2415999528e-5	-0.0002426358
2.2431999528e-5	-0.0001693058
2.2447999528e-5	-0.0001052856
2.2463999527e-5	-7.232869e-5
2.2479999527e-5	3.016483e-5
2.2495999527e-5	-5.318544e-5
2.2511999526e-5	-5.507539e-5
2.2527999526e-5	-7.641465e-5
2.2543999526e-5	0.0001784417
2.2559999525e-5	0.0003863758
2.2575999525e-5	0.0002425874
2.2591999525e-5	0.0002041567
2.2607999524e-5	6.289606e-5
2.2623999524e-5	5.442507e-5
2.2639999524e-5	-0.0001290329
2.2655999523e-5	-0.000409265
2.2671999523e-5	-0.0002842233
2.2687999523e-5	-0.0003198334
2.2703999522e-5	-0.000387337
2.2719999522e-5	-0.0001460231
2.2735999522e-5	0.000114429
2.2751999521e-5	1.207564e-5
2.2767999521e-5	9.389585e-5
2.2783999521e-5	-8.774937e-5
2.279999952e-5	-0.0001466528
2.281599952e-5	-7.493666e-6
2.283199952e-5	-2.039021e-5
2.2847999519e-5	5.711663e-5
2.2863999519e-5	-4.482523e-5
2.2879999519e-5	-5.862801e-5
2.2895999518e-5	3.265973e-5
2.2911999518e-5	8.530882e-5
2.2927999518e-5	0.0002320372
2.2943999517e-5	0.0004265496
2.2959999517e-5	0.0004308414
2.2975999517e-5	0.0002872498
2.2991999516e-5	0.0003997804
2.3007999516e-5	0.0002102063
2.3023999516e-5	0.0001192772
2.3039999515e-5	8.533125e-5
2.3055999515e-5	-0.0002723617
2.3071999515e-5	-0.0002319264
2.3087999514e-5	-4.161058e-5
2.3103999514e-5	8.564138e-5
2.3119999514e-5	-6.059925e-5
2.3135999513e-5	-0.0001103037
2.3151999513e-5	-0.00016832
2.3167999513e-5	-0.000298924
2.3183999512e-5	-0.0005139686
2.3199999512e-5	-0.0007066427
2.3215999512e-5	-0.0004573818
2.3231999511e-5	-0.0003199372
2.3247999511e-5	-0.0001645987
2.3263999511e-5	-0.0002452512
2.327999951e-5	-0.0002334537
2.329599951e-5	-0.0001224224
2.331199951e-5	-0.0001618088
2.3327999509e-5	1.995726e-5
2.3343999509e-5	-2.143511e-5
2.3359999508e-5	0.0002872126
2.3375999508e-5	0.00037488
2.3391999508e-5	0.0004850958
2.3407999507e-5	0.0005124217
2.3423999507e-5	0.000266908
2.3439999507e-5	0.0004202322
2.3455999506e-5	0.0006074585
2.3471999506e-5	0.0003498167
2.3487999506e-5	0.0003520632
2.3503999505e-5	0.0004355049
2.3519999505e-5	0.0001393183
2.3535999505e-5	-9.456507e-6
2.3551999504e-5	-3.349141e-5
2.3567999504e-5	-0.0001727375
2.3583999504e-5	-0.0001269414
2.3599999503e-5	-3.130404e-5
2.3615999503e-5	-4.440668e-5
2.3631999503e-5	9.396481e-5
2.3647999502e-5	8.952621e-5
2.3663999502e-5	1.558503e-5
2.3679999502e-5	0.0002247037
2.3695999501e-5	0.0004334582
2.3711999501e-5	0.0002447546
2.3727999501e-5	-0.0001240906
2.37439995e-5	-2.892681e-5
2.37599995e-5	0.0001873257
2.37759995e-5	-5.81015e-5
2.3791999499e-5	-3.581192e-5
2.3807999499e-5	-8.973811e-5
2.3823999499e-5	-6.874869e-5
2.3839999498e-5	-5.910189e-5
2.3855999498e-5	-0.0001230337
2.3871999498e-5	-1.436527e-6
2.3887999497e-5	6.250438e-5
2.3903999497e-5	-2.660265e-5
2.3919999497e-5	-0.0001974095
2.3935999496e-5	-0.0002112549
2.3951999496e-5	-0.0003697169
2.3967999496e-5	-0.0003146908
2.3983999495e-5	-8.462602e-5
2.3999999495e-5	-6.699361e-5
2.4015999495e-5	-0.0001788399
2.4031999494e-5	-0.0003472542
2.4047999494e-5	-0.0002712181
2.4063999494e-5	-0.0005147965
2.4079999493e-5	-0.0004888913
2.4095999493e-5	-0.0006483092
2.4111999493e-5	-0.0005038045
2.4127999492e-5	-0.0004231042
2.4143999492e-5	-0.0002701323
2.4159999492e-5	-0.0001948872
2.4175999491e-5	4.512124e-5
2.4191999491e-5	0.0001251319
2.4207999491e-5	0.0001092953
2.422399949e-5	0.0002635136
2.423999949e-5	0.0001999105
2.425599949e-5	1.865556e-5
2.4271999489e-5	0.0003410181
2.4287999489e-5	0.0007130442
2.4303999489e-5	0.0006862069
2.4319999488e-5	0.0005709902
2.4335999488e-5	0.0005460027
2.4351999488e-5	0.0004542946
2.4367999487e-5	0.0004915558
2.4383999487e-5	0.0005197465
2.4399999487e-5	0.0003166833
2.4415999486e-5	0.0001843119
2.4431999486e-5	8.371101e-5
2.4447999486e-5	-0.0002982563
2.4463999485e-5	-0.0003766134
2.4479999485e-5	-0.0004945589
2.4495999485e-5	-0.0005527756
2.4511999484e-5	-0.0006314075
2.4527999484e-5	-0.0005896474
2.4543999484e-5	-0.0006105426
2.4559999483e-5	-0.0007709338
2.4575999483e-5	-0.0008055837
2.4591999483e-5	-0.0008245001
2.4607999482e-5	-0.0007553227
2.4623999482e-5	-0.0005985755
2.4639999482e-5	-0.0002198388
2.4655999481e-5	-5.582071e-5
2.4671999481e-5	-0.000141911
2.4687999481e-5	8.751084e-5
2.470399948e-5	0.0002887288
2.471999948e-5	0.0004304689
2.473599948e-5	0.0005648154
2.4751999479e-5	0.0003418687
2.4767999479e-5	0.0002594109
2.4783999479e-5	0.000277325
2.4799999478e-5	0.0001725431
2.4815999478e-5	3.582216e-5
2.4831999478e-5	-5.108389e-5
2.4847999477e-5	-1.946724e-5
2.4863999477e-5	4.048733e-5
2.4879999477e-5	0.0001930263
2.4895999476e-5	0.0001940634
2.4911999476e-5	2.990638e-5
2.4927999476e-5	-6.121467e-5
2.4943999475e-5	5.950073e-5
2.4959999475e-5	0.0001552438
2.4975999474e-5	0.0001157214
2.4991999474e-5	3.741691e-5
2.5007999474e-5	-3.197458e-5
2.5023999473e-5	0.0001652578
2.5039999473e-5	1.700898e-5
2.5055999473e-5	-4.315728e-6
2.5071999472e-5	0.0001031147
2.5087999472e-5	0.0001693338
2.5103999472e-5	0.0002122007
2.5119999471e-5	0.0001337759
2.5135999471e-5	0.0003972698
2.5151999471e-5	1.69364e-5
2.516799947e-5	-7.420914e-5
2.518399947e-5	-6.16789e-5
2.519999947e-5	-0.0001834512
2.5215999469e-5	-0.0003637701
2.5231999469e-5	-0.0002352396
2.5247999469e-5	-0.0001392718
2.5263999468e-5	-0.0002192597
2.5279999468e-5	-8.25808e-5
2.5295999468e-5	-0.0001686423
2.5311999467e-5	-0.0001045618
2.5327999467e-5	-7.974633e-5
2.5343999467e-5	-0.0001334181
2.5359999466e-5	-0.0001517469
2.5375999466e-5	-3.234179e-5
2.5391999466e-5	-5.02744e-5
2.5407999465e-5	-1.149158e-5
2.5423999465e-5	-0.0001529313
2.5439999465e-5	-0.000148508
2.5455999464e-5	4.796171e-5
2.5471999464e-5	-2.139126e-5
2.5487999464e-5	-3.16069e-5
2.5503999463e-5	4.643016e-5
2.5519999463e-5	2.498931e-5
2.5535999463e-5	0.0003082034
2.5551999462e-5	0.0002580966
2.5567999462e-5	0.0001882584
2.5583999462e-5	0.0001238623
2.5599999461e-5	6.892795e-5
2.5615999461e-5	0.0001374727
2.5631999461e-5	0.0001518168
2.564799946e-5	0.0002287309
2.566399946e-5	0.0001140145
2.567999946e-5	8.862007e-6
2.5695999459e-5	-0.0001040077
2.5711999459e-5	-0.0002923679
2.5727999459e-5	-0.000315564
2.5743999458e-5	-0.0003276416
2.5759999458e-5	-0.0003506613
2.5775999458e-5	-0.0005284803
2.5791999457e-5	-0.0002765417
2.5807999457e-5	-0.0002757666
2.5823999457e-5	-0.0002106373
2.5839999456e-5	-0.0001725053
2.5855999456e-5	0.0001189525
2.5871999456e-5	-8.992697e-6
2.5887999455e-5	-7.458655e-5
2.5903999455e-5	0.0001183954
2.5919999455e-5	0.0002246571
2.5935999454e-5	-5.301829e-5
2.5951999454e-5	7.282525e-5
2.5967999454e-5	7.599464e-5
2.5983999453e-5	7.56312e-5
2.5999999453e-5	0.0002949261
2.6015999453e-5	0.0003893937
2.6031999452e-5	0.0005909615
2.6047999452e-5	0.000582668
2.6063999452e-5	0.0002053256
2.6079999451e-5	0.0002507444
2.6095999451e-5	0.0001020895
2.6111999451e-5	0.0001269887
2.612799945e-5	3.807501e-5
2.614399945e-5	-7.706713e-5
2.615999945e-5	-0.0003309508
2.6175999449e-5	-0.0003902703
2.6191999449e-5	-0.0005346251
2.6207999449e-5	-0.0005608917
2.6223999448e-5	-0.0004834553
2.6239999448e-5	-0.0004268253
2.6255999448e-5	-0.000236871
2.6271999447e-5	-0.0001006369
2.6287999447e-5	9.965089e-5
2.6303999447e-5	0.0001193209
2.6319999446e-5	3.865369e-5
2.6335999446e-5	6.8958e-6
2.6351999446e-5	-0.0001473688
2.6367999445e-5	5.28644e-5
2.6383999445e-5	0.0002395286
2.6399999445e-5	0.0001663497
2.6415999444e-5	0.0002526273
2.6431999444e-5	0.000133607
2.6447999444e-5	-1.188038e-5
2.6463999443e-5	3.160903e-5
2.6479999443e-5	-8.148171e-5
2.6495999443e-5	-0.0002002664
2.6511999442e-5	-9.772628e-5
2.6527999442e-5	-5.253917e-5
2.6543999442e-5	0.0001694867
2.6559999441e-5	0.0002016576
2.6575999441e-5	0.0001537862
2.659199944e-5	0.0003321716
2.660799944e-5	0.0002357617
2.662399944e-5	3.076422e-5
2.6639999439e-5	-1.609223e-5
2.6655999439e-5	-0.0002799508
2.6671999439e-5	-0.0002916396
2.6687999438e-5	-0.0002858006
2.6703999438e-5	-0.0002207443
2.6719999438e-5	-0.0001397475
2.6735999437e-5	-0.0002752833
2.6751999437e-5	-0.0001322366
2.6767999437e-5	-7.302716e-5
2.6783999436e-5	-2.061916e-5
2.6799999436e-5	-0.0001054198
2.6815999436e-5	-7.863693e-5
2.6831999435e-5	-5.028729e-5
2.6847999435e-5	8.111351e-6
2.6863999435e-5	8.912222e-5
2.6879999434e-5	-4.483279e-5
2.6895999434e-5	0.0002341729
2.6911999434e-5	0.0001274867
2.6927999433e-5	1.494221e-5
2.6943999433e-5	6.583126e-5
2.6959999433e-5	9.320447e-5
2.6975999432e-5	-4.161389e-5
2.6991999432e-5	-0.0001709647
2.7007999432e-5	-0.0003773064
2.7023999431e-5	-0.0002798124
2.7039999431e-5	-0.0002113466
2.7055999431e-5	-0.000155447
2.707199943e-5	-0.0001321028
2.708799943e-5	-7.754855e-5
2.710399943e-5	2.453407e-6
2.7119999429e-5	0.000179784
2.7135999429e-5	2.012942e-5
2.7151999429e-5	-5.799757e-5
2.7167999428e-5	0.0001464295
2.7183999428e-5	0.0003135211
2.7199999428e-5	0.0003532125
2.7215999427e-5	0.0002529823
2.7231999427e-5	0.0002877823
2.7247999427e-5	0.0001334077
2.7263999426e-5	1.313261e-5
2.7279999426e-5	0.0002120798
2.7295999426e-5	0.0001848793
2.7311999425e-5	0.0003583112
2.7327999425e-5	8.519513e-5
2.7343999425e-5	8.528502e-5
2.7359999424e-5	-8.278665e-5
2.7375999424e-5	-0.0003160212
2.7391999424e-5	-0.000319146
2.7407999423e-5	-0.0002253386
2.7423999423e-5	2.341874e-5
2.7439999423e-5	6.88256e-5
2.7455999422e-5	-7.421969e-6
2.7471999422e-5	-7.938269e-5
2.7487999422e-5	-6.493533e-5
2.7503999421e-5	-0.0001233588
2.7519999421e-5	-3.156002e-5
2.7535999421e-5	-0.000154715
2.755199942e-5	-7.190688e-5
2.756799942e-5	-0.0001888617
2.758399942e-5	1.920474e-6
2.7599999419e-5	0.0001223341
2.7615999419e-5	0.0001081797
2.7631999419e-5	2.724466e-5
2.7647999418e-5	-5.238016e-6
2.7663999418e-5	1.619414e-5
2.7679999418e-5	7.062124e-5
2.7695999417e-5	-3.436548e-6
2.7711999417e-5	-5.934709e-5
2.7727999417e-5	0.0002969799
2.7743999416e-5	0.0002570624
2.7759999416e-5	0.0003299148
2.7775999416e-5	0.0001707338
2.7791999415e-5	0.0001755859
2.7807999415e-5	5.359064e-5
2.7823999415e-5	0.0002549373
2.7839999414e-5	0.0001752413
2.7855999414e-5	0.0003433011
2.7871999414e-5	0.0001942219
2.7887999413e-5	0.0001525065
2.7903999413e-5	0.0001277394
2.7919999413e-5	-1.00394e-6
2.7935999412e-5	-8.580269e-5
2.7951999412e-5	-8.796019e-5
2.7967999412e-5	-4.439147e-5
2.7983999411e-5	-0.0001845879
2.7999999411e-5	-5.688969e-5
2.8015999411e-5	-7.845095e-5
2.803199941e-5	9.575051e-7
2.804799941e-5	0.0001374922
2.806399941e-5	0.0001599907
2.8079999409e-5	0.0001597698
2.8095999409e-5	9.593285e-5
2.8111999409e-5	0.0001585076
2.8127999408e-5	2.845456e-6
2.8143999408e-5	-8.197279e-6
2.8159999408e-5	-0.0001555497
2.8175999407e-5	-0.0004571634
2.8191999407e-5	-0.0003550499
2.8207999406e-5	-0.0004658612
2.8223999406e-5	-3.651275e-5
2.8239999406e-5	-0.0001132937
2.8255999405e-5	-0.0001999759
2.8271999405e-5	-0.0003831973
2.8287999405e-5	-0.0003111762
2.8303999404e-5	2.365377e-5
2.8319999404e-5	-3.698614e-5
2.8335999404e-5	0.000492967
2.8351999403e-5	0.000681452
2.8367999403e-5	0.0006549272
2.8383999403e-5	0.0008051635
2.8399999402e-5	0.0005685759
2.8415999402e-5	0.0004670122
2.8431999402e-5	0.0005061319
2.8447999401e-5	3.503424e-5
2.8463999401e-5	-0.0001168916
2.8479999401e-5	2.450499e-5
2.84959994e-5	-0.000332133
2.85119994e-5	-0.0003968601
2.85279994e-5	-0.0004021544
2.8543999399e-5	-0.0003025731
2.8559999399e-5	-0.0001740315
2.8575999399e-5	-6.440125e-5
2.8591999398e-5	-0.0001452191
2.8607999398e-5	-1.085252e-5
2.8623999398e-5	6.027468e-5
2.8639999397e-5	0.0001630678
2.8655999397e-5	-0.0001729501
2.8671999397e-5	-0.0001262039
2.8687999396e-5	0.0001259978
2.8703999396e-5	0.0001140948
2.8719999396e-5	3.501674e-5
2.8735999395e-5	5.091917e-5
2.8751999395e-5	-3.505433e-5
2.8767999395e-5	0.0001641867
2.8783999394e-5	0.0001053106
2.8799999394e-5	-0.0001140281
2.8815999394e-5	-0.0002017706
2.8831999393e-5	-0.0001301046
2.8847999393e-5	-6.750719e-5
2.8863999393e-5	-0.0002233812
2.8879999392e-5	-0.0002336456
2.8895999392e-5	-0.0002699705
2.8911999392e-5	-0.000239984
2.8927999391e-5	-0.0003641375
2.8943999391e-5	-0.0004457837
2.8959999391e-5	-0.0002355224
2.897599939e-5	-0.0003231911
2.899199939e-5	-0.0003469473
2.900799939e-5	-0.0005829999
2.9023999389e-5	-0.0004819265
2.9039999389e-5	-0.0003843887
2.9055999389e-5	-0.0001023931
2.9071999388e-5	0.000152869
2.9087999388e-5	0.0001935448
2.9103999388e-5	0.0001383114
2.9119999387e-5	0.0001370741
2.9135999387e-5	0.0002166056
2.9151999387e-5	4.775642e-5
2.9167999386e-5	8.635224e-5
2.9183999386e-5	0.0002592406
2.9199999386e-5	0.0001988458
2.9215999385e-5	0.000266685
2.9231999385e-5	0.0002801767
2.9247999385e-5	0.0003001347
2.9263999384e-5	0.0003846678
2.9279999384e-5	0.0002626875
2.9295999384e-5	0.0001973623
2.9311999383e-5	0.0002680327
2.9327999383e-5	0.0003842445
2.9343999383e-5	0.0002765148
2.9359999382e-5	-5.64407e-5
2.9375999382e-5	9.437642e-5
2.9391999382e-5	-1.2594e-5
2.9407999381e-5	-8.476208e-5
2.9423999381e-5	-0.0001449449
2.9439999381e-5	-6.677694e-5
2.945599938e-5	-5.708043e-5
2.947199938e-5	-5.749266e-5
2.948799938e-5	-3.427695e-5
2.9503999379e-5	0.0001321817
2.9519999379e-5	0.0001857954
2.9535999379e-5	-3.639853e-5
2.9551999378e-5	-0.0001130128
2.9567999378e-5	0.0002035867
2.9583999378e-5	0.0002104022
2.9599999377e-5	0.0001391255
2.9615999377e-5	0.0001300198
2.9631999377e-5	4.441082e-5
2.9647999376e-5	3.652572e-5
2.9663999376e-5	6.686088e-5
2.9679999376e-5	4.165839e-5
2.9695999375e-5	-0.0001574986
2.9711999375e-5	-0.0001335126
2.9727999375e-5	9.301622e-5
2.9743999374e-5	0.0001120758
2.9759999374e-5	0.0001446201
2.9775999374e-5	0.0001909384
2.9791999373e-5	0.0002862339
2.9807999373e-5	4.777624e-5
2.9823999372e-5	0.0001568543
2.9839999372e-5	0.0001379201
2.9855999372e-5	3.07999e-5
2.9871999371e-5	-0.0001565469
2.9887999371e-5	-0.0001998595
2.9903999371e-5	-8.23817e-5
2.991999937e-5	-0.0002003583
2.993599937e-5	-0.0001543559
2.995199937e-5	-0.0002684785
2.9967999369e-5	-0.0002432078
2.9983999369e-5	-0.0001036381
2.9999999369e-5	-0.0002218671
3.0015999368e-5	-0.0002041874
3.0031999368e-5	-0.0002270629
3.0047999368e-5	-0.0001102705
3.0063999367e-5	-0.000222127
3.0079999367e-5	-5.377438e-5
3.0095999367e-5	-8.877301e-5
3.0111999366e-5	-4.057792e-6
3.0127999366e-5	4.344601e-5
3.0143999366e-5	0.0001192368
3.0159999365e-5	9.310589e-5
3.0175999365e-5	0.0002424141
3.0191999365e-5	0.0002708866
3.0207999364e-5	0.0004139378
3.0223999364e-5	0.0003892845
3.0239999364e-5	0.0002007211
3.0255999363e-5	0.0002932062
3.0271999363e-5	0.0002195866
3.0287999363e-5	0.0004557545
3.0303999362e-5	0.0005040956
3.0319999362e-5	0.0001548927
3.0335999362e-5	8.527386e-5
3.0351999361e-5	-0.00016242
3.0367999361e-5	-3.981082e-5
3.0383999361e-5	-0.0002332134
3.039999936e-5	-0.0003723417
3.041599936e-5	-0.0003278767
3.043199936e-5	-0.0005569493
3.0447999359e-5	-0.0004127341
3.0463999359e-5	-0.0001430647
3.0479999359e-5	-0.0001742892
3.0495999358e-5	6.123303e-5
3.0511999358e-5	-5.431332e-5
3.0527999358e-5	-0.0002602786
3.0543999357e-5	-0.0002725998
3.0559999357e-5	-0.0003070114
3.0575999357e-5	-0.0001937599
3.0591999356e-5	-0.0002912277
3.0607999356e-5	0.0001471117
3.0623999356e-5	-0.0001375781
3.0639999355e-5	5.432203e-5
3.0655999355e-5	5.581051e-6
3.0671999355e-5	-0.000103357
3.0687999354e-5	0.0001251627
3.0703999354e-5	0.0002578442
3.0719999354e-5	0.0001737976
3.0735999353e-5	0.000277069
3.0751999353e-5	0.0001631811
3.0767999353e-5	0.0003185579
3.0783999352e-5	3.828994e-5
3.0799999352e-5	-5.410382e-5
3.0815999352e-5	-5.616854e-5
3.0831999351e-5	-9.3583e-5
3.0847999351e-5	-6.325515e-5
3.0863999351e-5	0.0003134363
3.087999935e-5	0.0003734544
3.089599935e-5	0.0002994013
3.091199935e-5	7.606609e-5
3.0927999349e-5	9.912059e-5
3.0943999349e-5	-0.0001536209
3.0959999349e-5	-0.0001325036
3.0975999348e-5	-0.0003017324
3.0991999348e-5	-0.0002875335
3.1007999348e-5	-0.0001824213
3.1023999347e-5	-0.0002400538
3.1039999347e-5	-0.0002902713
3.1055999347e-5	-0.0002421138
3.1071999346e-5	-0.0002737941
3.1087999346e-5	-0.0002682489
3.1103999346e-5	-0.0002118069
3.1119999345e-5	-0.0003123425
3.1135999345e-5	-0.0001531235
3.1151999345e-5	-0.0001231623
3.1167999344e-5	-0.0002033807
3.1183999344e-5	0.0002646807
3.1199999344e-5	0.0003002526
3.1215999343e-5	0.0005635944
3.1231999343e-5	0.0005650616
3.1247999343e-5	0.0006442548
3.1263999342e-5	0.0006214186
3.1279999342e-5	0.00042868
3.1295999342e-5	0.0004732583
3.1311999341e-5	0.0002185412
3.1327999341e-5	0.0001205229
3.1343999341e-5	2.724398e-5
3.135999934e-5	-1.608782e-5
3.137599934e-5	-0.0001331465
3.139199934e-5	4.500431e-5
3.1407999339e-5	-4.288004e-5
3.1423999339e-5	-0.0003854253
3.1439999338e-5	-0.0006185911
3.1455999338e-5	-0.0008154967
3.1471999338e-5	-0.0006260196
3.1487999337e-5	-9.876762e-5
3.1503999337e-5	-6.773901e-5
3.1519999337e-5	0.0002376697
3.1535999336e-5	0.0002929693
3.1551999336e-5	0.0005245019
3.1567999336e-5	0.0005804845
3.1583999335e-5	0.0005206412
3.1599999335e-5	0.0007312059
3.1615999335e-5	0.0007021397
3.1631999334e-5	0.0005755604
3.1647999334e-5	0.0004917995
3.1663999334e-5	0.0004229762
3.1679999333e-5	0.0004608953
3.1695999333e-5	0.0002692686
3.1711999333e-5	0.0001627695
3.1727999332e-5	-0.0001906222
3.1743999332e-5	-0.0003790773
3.1759999332e-5	-0.0005696785
3.1775999331e-5	-0.0006228125
3.1791999331e-5	-0.0005212484
3.1807999331e-5	-0.0006424547
3.182399933e-5	-0.0005211303
3.183999933e-5	-0.0006287607
3.185599933e-5	-0.0007027717
3.1871999329e-5	-0.000667433
3.1887999329e-5	-0.0006543777
3.1903999329e-5	-0.0004387927
3.1919999328e-5	-0.0005071615
3.1935999328e-5	-0.0002987384
3.1951999328e-5	-0.0001052974
3.1967999327e-5	0.0001593503
3.1983999327e-5	6.802339e-5
3.1999999327e-5	0.0004299494
3.2015999326e-5	0.0004650309
3.2031999326e-5	0.0005769464
3.2047999326e-5	0.0007522771
3.2063999325e-5	0.0006309717
3.2079999325e-5	0.0006435928
3.2095999325e-5	0.0004343804
3.2111999324e-5	0.00031469
3.2127999324e-5	0.0001501667
3.2143999324e-5	0.0001229973
3.2159999323e-5	0.0001791771
3.2175999323e-5	0.0002577826
3.2191999323e-5	0.0001508318
3.2207999322e-5	-0.0001211929
3.2223999322e-5	-0.0001461966
3.2239999322e-5	-6.074961e-5
3.2255999321e-5	-0.0001909274
3.2271999321e-5	-0.0002384326
3.2287999321e-5	-0.000352585
3.230399932e-5	-0.0002730842
3.231999932e-5	-0.0004021365
3.233599932e-5	-0.0005529097
3.2351999319e-5	-0.0003395524
3.2367999319e-5	-0.0002394227
3.2383999319e-5	-0.0002282217
3.2399999318e-5	-0.00022751
3.2415999318e-5	-0.0001932139
3.2431999318e-5	0.0001906472
3.2447999317e-5	0.0002954837
3.2463999317e-5	0.0004075518
3.2479999317e-5	0.0002598339
3.2495999316e-5	0.0002331512
3.2511999316e-5	0.0001334509
3.2527999316e-5	0.0003141751
3.2543999315e-5	0.0004411401
3.2559999315e-5	0.0004066186
3.2575999315e-5	0.0003619152
3.2591999314e-5	0.0005929345
3.2607999314e-5	0.000630953
3.2623999314e-5	0.0002693109
3.2639999313e-5	3.071417e-5
3.2655999313e-5	0.0002841652
3.2671999313e-5	0.000190614
3.2687999312e-5	0.0001861827
3.2703999312e-5	8.620787e-5
3.2719999312e-5	7.957934e-5
3.2735999311e-5	-3.062753e-5
3.2751999311e-5	-6.355025e-5
3.2767999311e-5	-0.000179978
3.278399931e-5	-9.369536e-5
3.279999931e-5	-0.000215425
3.281599931e-5	-0.000192494
3.2831999309e-5	4.535448e-5
3.2847999309e-5	-7.748915e-5
3.2863999309e-5	0.0001240096
3.2879999308e-5	0.0001456151
3.2895999308e-5	0.0001664876
3.2911999308e-5	0.0001127546
3.2927999307e-5	9.390392e-5
3.2943999307e-5	8.532104e-5
3.2959999307e-5	6.968524e-5
3.2975999306e-5	0.0002592804
3.2991999306e-5	0.0002250936
3.3007999305e-5	0.0001467198
3.3023999305e-5	2.162934e-5
3.3039999305e-5	-1.489899e-5
3.3055999304e-5	-4.724416e-5
3.3071999304e-5	-0.000138483
3.3087999304e-5	-0.0002831011
3.3103999303e-5	-0.0004306522
3.3119999303e-5	-0.0004739802
3.3135999303e-5	-0.000421687
3.3151999302e-5	-0.0004825142
3.3167999302e-5	-0.0004484833
3.3183999302e-5	-0.0003568092
3.3199999301e-5	-0.0003217513
3.3215999301e-5	-8.516655e-5
3.3231999301e-5	0.0001441587
3.32479993e-5	7.034709e-5
3.32639993e-5	-2.477262e-6
3.32799993e-5	-1.209956e-5
3.3295999299e-5	0.0003432005
3.3311999299e-5	0.0004072253
3.3327999299e-5	0.0004537417
3.3343999298e-5	0.0005016766
3.3359999298e-5	0.0003740852
3.3375999298e-5	0.0003848328
3.3391999297e-5	0.0001564058
3.3407999297e-5	1.658837e-5
3.3423999297e-5	4.585012e-5
3.3439999296e-5	-9.095808e-5
3.3455999296e-5	2.187375e-5
3.3471999296e-5	0.0001153905
3.3487999295e-5	0.0001180172
3.3503999295e-5	-0.0001022108
3.3519999295e-5	-7.477646e-5
3.3535999294e-5	-5.293913e-5
3.3551999294e-5	-4.225305e-5
3.3567999294e-5	-3.924192e-5
3.3583999293e-5	-0.0001702632
3.3599999293e-5	-0.0002588048
3.3615999293e-5	-0.0001596745
3.3631999292e-5	-4.817224e-5
3.3647999292e-5	5.636214e-5
3.3663999292e-5	3.247772e-5
3.3679999291e-5	-0.0001080551
3.3695999291e-5	0.0001488864
3.3711999291e-5	5.500214e-5
3.372799929e-5	4.760482e-5
3.374399929e-5	0.0001334565
3.375999929e-5	0.0004686408
3.3775999289e-5	0.0003940063
3.3791999289e-5	0.0001475551
3.3807999289e-5	0.0001369914
3.3823999288e-5	3.780604e-5
3.3839999288e-5	5.092004e-5
3.3855999288e-5	0.0002459495
3.3871999287e-5	0.0002877397
3.3887999287e-5	0.0001939224
3.3903999287e-5	0.0003602077
3.3919999286e-5	5.430521e-5
3.3935999286e-5	0.0003046822
3.3951999286e-5	0.0001338782
3.3967999285e-5	0.0001431293
3.3983999285e-5	3.844732e-5
3.3999999285e-5	2.516538e-5
3.4015999284e-5	-7.724242e-5
3.4031999284e-5	-0.0001196238
3.4047999284e-5	-0.0001360768
3.4063999283e-5	-0.0002292002
3.4079999283e-5	-0.0002309997
3.4095999283e-5	-0.0002121984
3.4111999282e-5	-0.0003671842
3.4127999282e-5	-0.0002168422
3.4143999282e-5	-0.0002293218
3.4159999281e-5	-0.0004607963
3.4175999281e-5	-0.0005111505
3.4191999281e-5	-0.000379199
3.420799928e-5	-0.0003196836
3.422399928e-5	-0.0002568316
3.423999928e-5	-0.00020661
3.4255999279e-5	-0.0002375664
3.4271999279e-5	-1.329995e-5
3.4287999279e-5	-0.0002020469
3.4303999278e-5	-0.0003341396
3.4319999278e-5	-0.0001812147
3.4335999278e-5	-0.0002636946
3.4351999277e-5	-0.000116072
3.4367999277e-5	3.33604e-6
3.4383999277e-5	3.545701e-6
3.4399999276e-5	1.714243e-5
3.4415999276e-5	0.0001555085
3.4431999276e-5	0.0003454961
3.4447999275e-5	0.0001930686
3.4463999275e-5	7.691393e-5
3.4479999275e-5	0.0002492137
3.4495999274e-5	0.000171119
3.4511999274e-5	7.34948e-5
3.4527999274e-5	-0.0001595737
3.4543999273e-5	-0.0003644013
3.4559999273e-5	-0.000176086
3.4575999273e-5	-8.890907e-6
3.4591999272e-5	-6.748569e-6
3.4607999272e-5	-8.367087e-5
3.4623999271e-5	-2.774667e-5
3.4639999271e-5	-0.0001393095
3.4655999271e-5	-0.0001582305
3.467199927e-5	8.754956e-6
3.468799927e-5	3.406925e-6
3.470399927e-5	5.048649e-5
3.4719999269e-5	4.029878e-5
3.4735999269e-5	0.0001476791
3.4751999269e-5	0.0002720222
3.4767999268e-5	0.0004438653
3.4783999268e-5	0.0003286652
3.4799999268e-5	0.0001964221
3.4815999267e-5	0.000339555
3.4831999267e-5	-8.614187e-5
3.4847999267e-5	3.763664e-5
3.4863999266e-5	5.857087e-5
3.4879999266e-5	-8.856822e-5
3.4895999266e-5	0.0001146809
3.4911999265e-5	0.0001411847
3.4927999265e-5	0.000152823
3.4943999265e-5	0.0001484591
3.4959999264e-5	-1.561582e-5
3.4975999264e-5	-0.0001781426
3.4991999264e-5	-4.002018e-5
3.5007999263e-5	8.582763e-5
3.5023999263e-5	-0.0001057901
3.5039999263e-5	-1.920926e-5
3.5055999262e-5	-0.0001663583
3.5071999262e-5	-0.0001524757
3.5087999262e-5	-0.0003050143
3.5103999261e-5	-0.0003386262
3.5119999261e-5	-0.0004171809
3.5135999261e-5	-0.0004462856
3.515199926e-5	-0.0005510985
3.516799926e-5	-0.000456124
3.518399926e-5	-0.0005897041
3.5199999259e-5	-0.0005745095
3.5215999259e-5	-0.0002431686
3.5231999259e-5	-0.0003102944
3.5247999258e-5	-0.0004035528
3.5263999258e-5	-0.0002669683
3.5279999258e-5	0.0002345084
3.5295999257e-5	0.0003258073
3.5311999257e-5	0.0001242144
3.5327999257e-5	0.0002841987
3.5343999256e-5	0.0006930106
3.5359999256e-5	0.0005517445
3.5375999256e-5	0.0005511552
3.5391999255e-5	0.0005335841
3.5407999255e-5	0.000553645
3.5423999255e-5	0.0005082965
3.5439999254e-5	0.0003126537
3.5455999254e-5	0.0004220188
3.5471999254e-5	0.0002350653
3.5487999253e-5	-0.0002001426
3.5503999253e-5	-0.0005392578
3.5519999253e-5	-0.0005627468
3.5535999252e-5	-0.0007468201
3.5551999252e-5	-0.0007205762
3.5567999252e-5	-0.0007228727
3.5583999251e-5	-0.000818697
3.5599999251e-5	-0.000735308
3.5615999251e-5	-0.0007234233
3.563199925e-5	-0.000461348
3.564799925e-5	-0.0003382199
3.566399925e-5	-0.0003405668
3.5679999249e-5	-0.0001684962
3.5695999249e-5	-0.0001405221
3.5711999249e-5	8.421154e-5
3.5727999248e-5	0.0002647277
3.5743999248e-5	0.0005391588
3.5759999248e-5	0.0008549222
3.5775999247e-5	0.0007952832
3.5791999247e-5	0.0007243804
3.5807999247e-5	0.0006871688
3.5823999246e-5	0.0005146046
3.5839999246e-5	0.0005633149
3.5855999246e-5	0.000749936
3.5871999245e-5	0.0005752101
3.5887999245e-5	0.0004989906
3.5903999245e-5	0.0004336716
3.5919999244e-5	0.0003453244
3.5935999244e-5	0.00010442
3.5951999244e-5	0.0002149758
3.5967999243e-5	4.440075e-5
3.5983999243e-5	-0.0001481699
3.5999999243e-5	-0.0003314395
3.6015999242e-5	-0.0005148376
3.6031999242e-5	-0.0006405383
3.6047999242e-5	-0.0004238285
3.6063999241e-5	-0.0003697333
3.6079999241e-5	-0.0003300964
3.6095999241e-5	-0.0002015956
3.611199924e-5	-0.0002190069
3.612799924e-5	-0.0003790293
3.614399924e-5	-0.0001928831
3.6159999239e-5	-0.0002655376
3.6175999239e-5	7.398275e-5
3.6191999239e-5	9.677735e-5
3.6207999238e-5	8.779485e-5
3.6223999238e-5	0.0002554144
3.6239999237e-5	0.0002442961
3.6255999237e-5	0.0001073163
3.6271999237e-5	8.720913e-5
3.6287999236e-5	0.0002433329
3.6303999236e-5	0.0003546455
3.6319999236e-5	0.0002526804
3.6335999235e-5	0.0001136528
3.6351999235e-5	0.0001006418
3.6367999235e-5	7.708002e-5
3.6383999234e-5	-3.49757e-5
3.6399999234e-5	0.0001152608
3.6415999234e-5	-5.670078e-6
3.6431999233e-5	3.508398e-5
3.6447999233e-5	0.0001946089
3.6463999233e-5	8.193179e-5
3.6479999232e-5	-4.040343e-5
3.6495999232e-5	-9.416258e-5
3.6511999232e-5	-0.0002172782
3.6527999231e-5	-0.0001938685
3.6543999231e-5	0.0001156957
3.6559999231e-5	0.0003077287
3.657599923e-5	-1.11334e-5
3.659199923e-5	0.0001750082
3.660799923e-5	-9.597843e-6
3.6623999229e-5	0.0001533904
3.6639999229e-5	0.0001517219
3.6655999229e-5	3.529289e-5
3.6671999228e-5	-2.483442e-5
3.6687999228e-5	-0.0002377228
3.6703999228e-5	-0.0002611144
3.6719999227e-5	-0.0001978768
3.6735999227e-5	-0.0001916166
3.6751999227e-5	-0.0001751783
3.6767999226e-5	-0.000268848
3.6783999226e-5	-0.0003849949
3.6799999226e-5	-0.0003027293
3.6815999225e-5	-0.0001620159
3.6831999225e-5	-0.0002551177
3.6847999225e-5	-0.000140239
3.6863999224e-5	-0.0001965929
3.6879999224e-5	-0.0002590758
3.6895999224e-5	-5.122723e-5
3.6911999223e-5	0.0001374758
3.6927999223e-5	0.0001928794
3.6943999223e-5	0.0002379578
3.6959999222e-5	0.0002895085
3.6975999222e-5	0.0002087424
3.6991999222e-5	0.0002503579
3.7007999221e-5	0.0003049037
3.7023999221e-5	0.0004082464
3.7039999221e-5	0.0002851916
3.705599922e-5	-0.0001816609
3.707199922e-5	-0.0001631702
3.708799922e-5	-0.0001692766
3.7103999219e-5	-0.0001112931
3.7119999219e-5	-4.438962e-5
3.7135999219e-5	-0.0001007239
3.7151999218e-5	-0.0001789422
3.7167999218e-5	-9.165872e-5
3.7183999218e-5	-0.0001678584
3.7199999217e-5	-0.0002950089
3.7215999217e-5	-0.0002333971
3.7231999217e-5	-0.0001386535
3.7247999216e-5	-1.162032e-5
3.7263999216e-5	3.695166e-5
3.7279999216e-5	-0.0003843431
3.7295999215e-5	-0.0002060268
3.7311999215e-5	0.0001302427
3.7327999215e-5	0.0001912457
3.7343999214e-5	-2.843951e-5
3.7359999214e-5	-5.676857e-5
3.7375999214e-5	4.784444e-5
3.7391999213e-5	0.0001787848
3.7407999213e-5	8.527427e-5
3.7423999213e-5	-9.875333e-5
3.7439999212e-5	-0.0001726106
3.7455999212e-5	-9.51164e-5
3.7471999212e-5	-0.0002123725
3.7487999211e-5	-0.0001466744
3.7503999211e-5	-0.0002482172
3.7519999211e-5	-0.0001779597
3.753599921e-5	-0.0001029531
3.755199921e-5	-2.11423e-5
3.756799921e-5	3.24651e-5
3.7583999209e-5	2.931315e-5
3.7599999209e-5	9.485915e-5
3.7615999209e-5	0.0001807013
3.7631999208e-5	0.0002670179
3.7647999208e-5	0.0003558185
3.7663999208e-5	0.0004459769
3.7679999207e-5	0.0003575864
3.7695999207e-5	0.000261123
3.7711999207e-5	0.0001243605
3.7727999206e-5	-2.159648e-5
3.7743999206e-5	-0.00013821
3.7759999206e-5	-0.0001629584
3.7775999205e-5	-0.0001109846
3.7791999205e-5	-0.000247019
3.7807999205e-5	-0.0004258296
3.7823999204e-5	-0.0003822526
3.7839999204e-5	-0.0001813357
3.7855999203e-5	-0.0002018141
3.7871999203e-5	-0.0002192417
3.7887999203e-5	8.322284e-6
3.7903999202e-5	2.169053e-5
3.7919999202e-5	-2.794311e-5
3.7935999202e-5	6.536332e-5
3.7951999201e-5	9.955297e-5
3.7967999201e-5	0.0001008854
3.7983999201e-5	0.0002620459
3.79999992e-5	0.0002624095
3.80159992e-5	0.0001562236
3.80319992e-5	0.0001499715
3.8047999199e-5	3.801605e-5
3.8063999199e-5	-0.0001169495
3.8079999199e-5	7.306549e-5
3.8095999198e-5	-0.0001676102
3.8111999198e-5	-0.0003458555
3.8127999198e-5	-0.0002921602
3.8143999197e-5	-0.000117302
3.8159999197e-5	-0.0002060716
3.8175999197e-5	-0.0001390547
3.8191999196e-5	4.89277e-5
3.8207999196e-5	0.0001470393
3.8223999196e-5	0.0001626848
3.8239999195e-5	5.323998e-5
3.8255999195e-5	1.457649e-5
3.8271999195e-5	-1.573432e-5
3.8287999194e-5	5.76786e-5
3.8303999194e-5	5.242991e-5
3.8319999194e-5	0.000314138
3.8335999193e-5	0.0001600721
3.8351999193e-5	-0.0001369882
3.8367999193e-5	-0.0001136145
3.8383999192e-5	-0.0001588597
3.8399999192e-5	-7.278168e-5
3.8415999192e-5	-0.000135253
3.8431999191e-5	-8.998262e-5
3.8447999191e-5	-7.129776e-5
3.8463999191e-5	2.048583e-5
3.847999919e-5	5.215562e-5
3.849599919e-5	-0.0001110614
3.851199919e-5	-0.0003165135
3.8527999189e-5	-0.0004043251
3.8543999189e-5	-0.0003519057
3.8559999189e-5	-0.0002198241
3.8575999188e-5	-0.0001470108
3.8591999188e-5	-0.0001475653
3.8607999188e-5	-0.0001171535
3.8623999187e-5	-7.172827e-5
3.8639999187e-5	-8.579579e-5
3.8655999187e-5	-0.0001117965
3.8671999186e-5	-0.0002889589
3.8687999186e-5	-0.0003571224
3.8703999186e-5	-0.0002843371
3.8719999185e-5	-0.0003675625
3.8735999185e-5	-0.0002084542
3.8751999185e-5	-0.0002056811
3.8767999184e-5	-9.879264e-5
3.8783999184e-5	2.881356e-5
3.8799999184e-5	-5.360156e-6
3.8815999183e-5	1.345221e-5
3.8831999183e-5	3.703397e-5
3.8847999183e-5	-4.426875e-6
3.8863999182e-5	6.759265e-5
3.8879999182e-5	6.06021e-5
3.8895999182e-5	0.0001931793
3.8911999181e-5	0.0001666795
3.8927999181e-5	0.0002227726
3.8943999181e-5	0.0001791824
3.895999918e-5	0.0002793549
3.897599918e-5	0.0002201515
3.899199918e-5	0.0003102499
3.9007999179e-5	0.0002161678
3.9023999179e-5	2.216155e-6
3.9039999179e-5	2.958733e-5
3.9055999178e-5	-5.87856e-5
3.9071999178e-5	-0.0001051898
3.9087999178e-5	7.890753e-5
3.9103999177e-5	6.439087e-6
3.9119999177e-5	-9.728618e-5
3.9135999177e-5	-3.66573e-5
3.9151999176e-5	-0.0002319385
3.9167999176e-5	-0.0003025496
3.9183999176e-5	-0.0003488314
3.9199999175e-5	-0.0002694825
3.9215999175e-5	-0.0001233835
3.9231999175e-5	-8.946648e-5
3.9247999174e-5	-0.0002221031
3.9263999174e-5	-0.0002127202
3.9279999174e-5	-0.0002083041
3.9295999173e-5	-0.0001832061
3.9311999173e-5	-0.0003531249
3.9327999173e-5	-0.000207593
3.9343999172e-5	-0.0002747746
3.9359999172e-5	-0.0002349327
3.9375999172e-5	-0.0001024574
3.9391999171e-5	-0.0001953719
3.9407999171e-5	-0.0002824743
3.9423999171e-5	-0.0001610972
3.943999917e-5	-0.0003634359
3.945599917e-5	-0.0001479421
3.9471999169e-5	-0.0001286762
3.9487999169e-5	9.816898e-6
3.9503999169e-5	0.0001303366
3.9519999168e-5	0.0003768671
3.9535999168e-5	0.0002519038
3.9551999168e-5	0.0001924517
3.9567999167e-5	0.00040587
3.9583999167e-5	0.0002637267
3.9599999167e-5	0.0002315227
3.9615999166e-5	0.0002102879
3.9631999166e-5	0.0003767248
3.9647999166e-5	0.0001204196
3.9663999165e-5	-0.0001689426
3.9679999165e-5	-8.803464e-5
3.9695999165e-5	-0.0001275908
3.9711999164e-5	-0.0004990625
3.9727999164e-5	-0.0005479248
3.9743999164e-5	-0.0005446745
3.9759999163e-5	-0.0005089173
3.9775999163e-5	-0.0005334999
3.9791999163e-5	-0.000649846
3.9807999162e-5	-0.0005027645
3.9823999162e-5	-0.0003174086
3.9839999162e-5	-0.0002453392
3.9855999161e-5	-0.00017229
3.9871999161e-5	-0.0001252502
3.9887999161e-5	-4.891268e-5
3.990399916e-5	0.00011797
3.991999916e-5	0.0004122067
3.993599916e-5	0.0004228912
3.9951999159e-5	0.0003913494
3.9967999159e-5	0.0005580594
3.9983999159e-5	0.0006336129
