1000
0.014822980864130478
0.07189778420534598
0.03686522009758004
0.07742070119134552
-0.0020431798179127952
0.02094380428370915
-0.003999262477198875
0.0049349926016377735
-0.019771763266309614
-0.009419111315964901
-0.10913600439626935
0.036903838179779
0.016458168567267208
0.024765992780111122
0.01661512548443884
0.08350105043972758
0.03661300610913317
-0.01435795404558382
-0.007539378468118654
0.021379566934663415
-0.06629854089430812
0.009514630537794791
-0.003335358526151102
0.04028219928034388
0.062138218379813315
0.028259421305718336
-0.005419825146154807
0.10271480215684912
0.011959917871613913
-0.00845107837562433
0.04286066633931587
-0.02248402990932135
-0.020126651611804696
-0.0012465203840820547
0.053049903333661455
-0.020459025104594082
0.0735917103382702
-0.08589522717919326
0.1236138283826419
0.02468338367041819
-0.05005998099219258
-0.05491478536154065
0.05496470417994829
0.01679659324702996
-0.03239678366129168
0.012921873274951154
-0.010394437208106485
0.014607660216446675
-0.04838528699397776
0.06517550403011556
-0.055220761847541315
0.04241824612051128
-0.026593274077655278
0.32391703151979045
0.5586203082126796
0.8004203445045941
1.0090025932501328
1.0126425439628497
0.8732702544692776
0.7918269339139135
0.546318923545571
0.39124686447397455
-0.007428935343427459
-0.31863265324413337
-0.5746312929478665
-0.8125754752490356
-0.862977534710116
-0.8892263712947834
-0.9188108014403823
-0.7362840436542406
-0.4994328997938177
-0.3005829508425559
-0.05080235124180035
0.39214159134575693
0.5380047396808152
0.7702728571138997
0.9582548258921815
0.8857095124687709
0.776042253806758
0.5860161595577972
0.49367699714730495
0.2725373264355766
-0.018764061948237775
-0.2826436269063997
-0.5252147853190081
-0.7611684789259767
-0.8460580823821943
-0.8189938467964061
-0.831982598358574
-0.6989171477191377
-0.5014167761177658
-0.23711515451491627
-0.04032199416147804
0.21560648120266465
0.501108685492236
0.6576232543277413
0.7851925789443689
0.7466609657940384
0.7043720100516728
0.5363932530122258
0.43484741287553486
0.16608544241557363
-0.001743993545054274
-0.27705591938750584
-0.462347819209343
-0.6416454056108855
-0.6936973337083974
-0.8070833730762722
-0.6875176482386242
-0.6395696355001556
-0.42898819245510966
-0.18949345866233389
0.05150864998873331
0.30692038085355855
0.45748447075641374
0.5932653444433751
0.7016324753485734
0.7627925042306429
0.6710035751997563
0.6048210922144932
0.39753970903145575
0.20505633278411622
-0.008458030518378002
-0.22292424406751227
-0.4627228794690902
-0.531621456083403
-0.7090932505981022
-0.7312543474006664
-0.555592470308219
-0.5746174122515482
-0.4626804472014552
-0.2030914032247203
-0.006922317404402991
0.20927404748118322
0.41296696646303394
0.47382342473351274
0.6606787929241106
0.5731571429037166
0.6723048335655519
0.5350713112849267
0.3528551363979228
0.3037897378880901
0.03788055073662123
-0.26453969614655043
-0.3532934556937602
-0.4773634745451817
-0.5967586019518344
-0.5947625338104232
-0.5339754002155315
-0.5112135243232101
-0.3540387523536515
-0.2047481015745486
0.0017780513216120787
0.16749536836502654
0.29602703462396884
0.5261413729300316
0.4824228562226342
0.4886702998066549
0.6014600620616122
0.3803456551280263
0.3765190134940812
0.17870833473984515
-0.05358671455772441
-0.0740629674902401
-0.4090886647334394
-0.4102875757335554
-0.6567153007519096
-0.5251750401282809
-0.577055777873297
-0.5195911578799001
-0.45699812875573065
-0.15139078115028526
-0.040471045830042136
0.25816245247331615
0.32452987297086466
0.427718240045692
0.4811970879295751
0.5369948712253356
0.43606585895017835
0.36920780680009097
0.2758288868950204
0.14647195626636805
-0.08359601564368416
-0.1177992284179418
-0.361384160954926
-0.4098012942801546
-0.5339434725653854
-0.4572290947966387
-0.5042635556262983
-0.41511236991172773
-0.2774944791212666
-0.06404542231499966
-0.021191927392096896
0.10820251019733212
0.2687806386866303
0.40835423148639144
0.5158486046939821
0.5097820077504064
0.38757788188824194
0.4868641534128263
0.3342975674026152
0.2036959754753589
-0.004627872478191715
-0.11907028201369887
-0.27962203083736314
-0.34637879822124257
-0.4464137591135288
-0.45811171152155417
-0.4453584014659571
-0.4218644452101503
-0.30793051888859907
-0.1529116443454286
-0.006727658170921382
0.15129041423964787
0.1970332414380713
0.4365978807641851
0.40210093626229787
0.38285465025140863
0.40183193078873064
0.3331442275919591
0.16437101228261786
0.14891740670994857
-0.02010085168616694
-0.12501106297328732
-0.2886191696091897
-0.30124917233374693
-0.33065012863667387
-0.4508007298504659
-0.3993843573084876
-0.33651379180398144
-0.18419261612770682
-0.05337495383857807
-0.044217310038133666
0.11587757013895117
0.2391263054214851
0.39579102571582647
0.4971215489847812
0.42261692677018853
0.3931683628211524
0.2962313814756474
0.22197199440880272
0.15985604522209212
-0.08171714814176892
-0.06937002252366392
-0.2050417751054018
-0.31410799465281736
-0.34455546434394313
-0.39967222051508355
-0.4841835756127516
-0.2399164496298227
-0.19086578248648967
-0.24070428549058123
-0.05179889734590731
0.07904722425301533
0.29036714243941203
0.2787504774027734
0.2935484056259255
0.3410743754946727
0.323428504022396
0.21234689833734938
0.21651799817172862
0.06923220658759285
0.039669910885514914
-0.16320050218195056
-0.2465070905242565
-0.22543290718700262
-0.31759495716556146
-0.29159899710147735
-0.3364770474934746
-0.32566410275188057
-0.25763325377878565
-0.11848219056622247
0.09817754004841925
0.03834581085713888
0.13385425069964496
0.22385987193503185
0.3043093329242639
0.24348945778414469
0.2593407785339986
0.28008655772330937
0.15225706835436428
0.0663774021925515
-0.017441542852513165
-0.016146074743256078
-0.1754747206542642
-0.24597469231129673
-0.2521988689843875
-0.3220005869469982
-0.2530406217681389
-0.27278308464785256
-0.21790432161622866
-0.13347483522457704
0.041469050927820966
0.06726287624953736
0.14562033305821687
0.22608265264420557
0.2458402105921729
0.26197338473578924
0.30796758014230474
0.18245749078900386
0.1266857852710811
0.12389376744790413
-0.06714966568097205
-0.13347613769757824
-0.16729876631795368
-0.23234428466775534
-0.2606896807927695
-0.32557002295845067
-0.31094962341950866
-0.22384336591771223
-0.10260135188573874
-0.1381093591222064
-0.07620112085110595
0.06298522280365511
0.15096104846893987
0.1988999215615859
0.30944744116699663
0.27161753211134115
0.32418856236299215
0.2529136136224305
0.19513297294915952
0.07354753290279333
-0.004074510694305045
-0.07388434593142554
-0.2061302986044482
-0.2777165691290977
-0.2289012508531427
-0.2062902425991926
-0.13119858502153023
-0.24399030115475642
-0.1655641483555145
-0.057309033124715525
-0.04249215942712469
0.04074845472774173
0.14934615774848822
0.16164441229581347
0.2822858221607323
0.17380693579629214
0.17867024064959586
0.16688796984189475
0.08130261140672039
-0.008798358029566605
-0.03374404417421729
-0.0840568749995747
-0.20711293064976147
-0.21069154440469645
-0.150685803685753
-0.22407439315081246
-0.22572720626762696
-0.20249578257317669
-0.13443459696233195
0.006604879870422811
-0.05963354179968345
0.08153883521720455
0.06949466266151995
0.13833149044129292
0.28227836174449195
0.215362455437916
0.22055330560620706
0.1722372232934111
0.00901249083494074
0.07421020565567858
-0.06968510430342842
-0.10520666539310211
-0.16896861452015982
-0.10485807323886918
-0.17441075827967029
-0.18481443008366155
-0.11699226839395076
-0.05257232621246426
-0.08503650427384381
-0.07533370135430388
-0.0820954020447403
0.11829111925247124
0.1390970564242538
0.15533482301532392
0.12708826738512438
0.1346509928251318
0.23845746707217425
0.17073775177456924
0.15634767707186126
0.044166979103457536
-0.027499938226305535
-0.1243664740685641
-0.19040992284441693
-0.08025895556109401
-0.1997195760548921
-0.20025884845015862
-0.23225929308999813
-0.06853541926581089
-0.12450115421979771
-0.12456993350073951
0.0023417353083264804
0.07165304806544416
0.10993408515981044
0.18082743040109261
0.11221790350064446
0.19482253640115588
0.17040597631865084
0.051142030852485504
0.028734549299852544
0.017629975720934075
-0.04973672950759872
-0.01615449536642488
-0.13848008520012178
-0.14580793764240385
-0.19704859357444027
-0.23865972456553855
-0.14631956854080985
-0.08229281430718777
-0.17521794764253007
-0.1028069810781588
-0.03300425857426164
0.1196340529336162
0.031183935392991177
0.1360198396864499
0.058869053854798015
0.1201916341487375
0.1696273950301399
0.1904946575839684
0.060426930988764685
0.047767109500843244
0.013394962741236865
-0.07717128225440388
-0.0736030587060274
-0.21502085190268616
-0.1542184460457668
-0.13263127389325588
-0.14281654736647825
-0.060307910534659434
-0.08704252364814652
-0.047052464035990386
0.0029230901868436605
-0.0007082454761178428
0.04665520124227571
0.02964925615549195
0.07996589066989002
0.16034100263845708
0.15265302749915804
0.08982907465116759
0.07934278774955661
0.13512909486681726
0.07821395267964096
0.03606839942585867
-0.18076460457448967
-0.08865834162327614
-0.12479682024247929
-0.29856564767033916
-0.11428928273128429
-0.06556700003513229
-0.05495706244831319
0.022219726760785333
-0.03759046041550641
0.13676529939627038
0.08182509871685507
0.08409702110383777
0.17114394961298934
0.11997029277597268
0.1256138250872139
0.1979313866903576
0.042380462379892396
0.11961048775111949
-0.04451048778451066
-0.08375599553378366
-0.08058919963062458
-0.08864208818780586
-0.04741581024309818
-0.16721951318070938
-0.07412414783603632
-0.07723682099218548
-0.058955058831482915
-0.08815212817225068
0.04587148559256884
0.0499563362221893
0.12537017332260883
0.013484367229084956
0.07655887499619324
0.1080403709909762
0.20202065859650067
0.0033059899074302096
0.06777198723311116
0.037490163352183754
-0.04728409785364075
0.03656258702629175
0.12020150589694682
-0.1384657843067929
-0.10578493010409822
-0.1400298365812737
-0.07828961616716142
-0.004916509630795193
-0.0759960259887483
-0.07649326275416288
0.04135440258301336
-0.0007404287278864399
0.10319750540354819
0.004863343347304774
0.0975253239740509
0.05662198905441594
0.06909488692893853
0.04666552011109499
0.12477609860492092
-0.016094066789807494
0.012610810174471528
0.0062910622306305355
0.034770794354113406
-0.0495572986886199
-0.10087897090580553
-0.11030551978409314
-0.1359830860735466
-0.13693324180233013
-0.06010381143268685
-0.09336123800368629
-0.09104698995102205
0.09042969055194158
-0.03878538937091966
0.07182815900530062
0.09151484486485731
0.1724382679308314
0.012204541799163207
0.1701518830896257
0.05561839637338017
-0.02794529184014748
0.02208481211237099
-0.008535648334071007
-0.13871083069931708
-0.2023000895290195
-0.0858583994025338
0.03214880141248938
-0.17493531272668328
-0.07860854112923575
-0.10082414434443918
-0.024620570604499147
0.026441375411560598
0.019958309242003675
0.09218133788522288
0.16097056438559515
0.053453481613624246
0.07885009974864995
0.1163527971204122
0.09765576090460593
0.07539471225273593
0.08879564731892639
-0.09446810495095188
-0.08821690366737461
-0.06299770688168373
-0.10698144992343936
-0.0952998156644856
-0.10082941761517321
-0.02999662348874256
-0.1000684448273697
-0.12978895240221622
0.07494713171769898
-0.00047372814272114363
0.017542419489780078
-0.012759486607438308
0.07701907627599788
0.02465493171620723
0.1349780650380638
0.059773059343053825
0.03563312932354586
0.10321270813680822
0.0006319961707509404
-0.016361344131291585
0.038291721724383665
-0.059270340586964926
-0.07980120303095523
-0.03907354914139955
-0.04375967769638938
-0.03633785822856484
-0.0471263978435008
-0.08671581777182341
0.002550754951312517
-0.08533694295377861
0.0352111458638663
0.037077338455964365
0.0697635801394392
0.014091175935821529
0.10094768531231725
0.09858155493609436
0.022111520228885448
0.11075669225637044
-0.04951130646137916
0.05306990138249647
-0.01263657375849073
-0.15486097225868786
-0.11342562280897053
-0.09708330282943893
-0.047538783999232975
-0.05234006349995622
-0.075618714163339
-0.06464205077793313
-0.06597405840845369
-0.021810947118047153
-0.05262821976753686
0.03293752868673653
-0.008085268469151752
0.022986399436073536
0.1174215517160597
0.07736474442061164
0.0036828606421173207
0.06490292345993111
0.045329727788881696
-0.04301025669674516
-0.009173553954648937
-0.0042889298287123595
0.025287424122219987
0.005463047994946207
0.030701424550039033
-0.026963874385609654
-0.03464575498202502
-0.06561772326698913
-0.09834770338328265
0.018599073835466676
0.1126540818626555
0.04776653836843451
0.06710903635001902
0.03438031495538017
0.11582689272607663
0.09605819728855003
0.08069642820272246
0.03285326933792107
-0.01402891262042548
0.02193396115084063
-0.015497914429520188
-0.05239794503426812
0.002037580735244675
-0.10156338761478512
-0.07962510109434212
0.020231413190444872
-0.07289692974158052
-0.09499315181420848
0.0026690674353563246
-0.007323645746906255
0.009857190350816582
-0.014572078900047324
0.0809186438440275
0.04570323007761257
0.080076517876684
0.0965148332701618
0.10748007620167344
0.05091193152838408
0.025972744291755147
0.04791358050713847
-0.1154773184211663
-0.027179711685573794
0.08384611638698641
0.012770357701153347
0.01457689884043413
-0.11832048276548858
-0.04368969058415649
0.06407098288085868
-0.021425736622600687
-0.0020558521166169847
0.05078703701032347
0.06720585692317041
0.09249573053236208
0.14912880840932144
0.01468212945722571
0.05503496487160397
0.037244694559188676
0.036854362271458996
0.0063448617176954224
-0.04000414563651634
0.02107283775850546
-0.12459915543428926
-0.10829232851276933
-0.11622334561370556
-0.01812547714114296
-0.10750274400909667
0.08417172878849115
0.0029190113427104633
0.07769543350185722
0.009043468246186466
0.029769501857555877
0.016486309132583928
-0.014691335841665994
-0.04174445585311794
0.08040115984423074
0.11751422912069465
-0.03378414879909003
0.08351219325131048
-0.06289386423101608
0.0058442497217777774
-0.051899371034002696
-0.047299878975988224
-0.08224605255694012
0.015948513238471018
-0.06262713795528456
-0.008612237795163059
-0.03628590841604898
-0.04238870514217413
-0.007382213580088596
0.032201033256168125
0.10730187438747292
0.030138611884015874
0.12766434609043018
0.04037616021894245
0.09547239517826034
0.13020105655565117
-0.05095545291761294
0.01792026414286257
0.05267194277058936
0.03791263685354779
-0.08171408731613197
-0.08397677807447454
0.02184996188917383
-0.09536702129290633
-0.10174181750647435
-0.06220580510818641
0.0008183241861936599
0.07061211208528083
0.0014234752201136534
-0.027981925456067487
-0.10403990898400113
-0.06795471484616616
-0.047057190489042035
0.02790972697996422
0.0165304105485233
0.08612978497908445
-0.013207979262713488
0.013893901640094044
0.09421105277287245
0.0005307525128954593
-0.09832413905280718
0.03901718592171556
0.016765587476246548
-0.04240244303906149
0.025376769023067354
-0.1131668992337935
-0.02061161759448643
-0.0013705238350917685
0.018631524801181402
-0.050160715186213185
0.057330126044377594
0.009139865302219281
-0.009652744121244165
0.13263619772596924
0.01723777831821597
-0.0052514132048010476
-0.0610910600915938
0.07488175533060037
-0.06425613442492689
-0.01975942671403409
-0.053686976265579694
-0.02248584474606821
-0.040707761507867306
0.015850365933590405
-0.03025144874072979
-0.04328865006463662
0.02764349818981479
-0.04659581869047487
-0.05250346695947032
-0.0892457361304304
-0.03323157692553864
0.01778027549610382
-0.030426970064847143
0.03421542547093173
0.03900002087662941
-0.016417772649805422
0.031051026459881642
0.06435223181105691
0.002696922891332937
0.05337964142655589
0.003188413535360639
0.05102134418559634
0.02441888575210138
-0.04635412143448796
0.018298258342167847
0.01955611093520425
-0.06743559694580512
0.052539727537699865
-0.06296453119431476
0.11632044513946262
0.015215975795915411
0.04107282648212445
0.08738353195953973
0.03641901339310979
-0.06352926553420318
0.05443573759975489
0.022314230316765108
0.023992137233198572
-0.00899123803680488
-0.07121143298814014
-0.042940083909188825
-0.036568968622125934
-0.03018423511645913
-0.10011168673727393
-0.0564305669454866
-0.033186661440475815
-0.062483094411399216
-0.03271242290589367
-0.037448193434768615
-0.0686626580948904
-0.06676510776449807
-0.05643725371164493
0.005701388417915038
0.056837735712961315
0.00794239817515828
-0.0674307405729446
-0.0760721059012925
-0.009193241691992867
0.009228511211862793
-0.057051932702245484
-0.018463780816916266
-0.047958912687101264
-0.11765530914624468
0.029682907994757212
-0.04689291492967802
-0.05579549429809064
-0.03196363206035422
-0.049637448405972014
-0.0757684910953461
-0.006612073224642113
0.12050996920699208
-0.0042614573410351235
0.02326040065631313
0.0028694562627776393
0.15743405192462467
0.05174911014366043
0.017363504275362204
0.07628205181329537
0.030499173690266865
0.016884746849453378
0.01184141595250873
-0.04962713150109596
-0.03878775701783658
-0.09391994215213928
-0.07135752764864997
0.009142376811548291
-0.04079109895286767
-0.006813963370734441
-0.07222892234404579
-0.018667277094455047
-0.03171556947161591
0.10266788337033766
0.029414510806236555
-0.10781544665930146
0.1768834038972853
0.09105438590159172
0.05784140601098676
-0.0672830934408994
-0.016367422958232587
0.009700865358350986
0.0491046545986771
0.0007631795539381238
-0.08222105902229689
-0.022425112245089942
-0.09943204137153944
-0.06009163636695694
-0.06113386123482116
-0.03805936738411843
-0.11898580204401264
-0.06875950124542958
0.0464377598207219
0.022113439192074074
0.004734644306313429
-0.027630161092398454
-0.051815968972331664
0.07553454745274377
0.08644519233097447
-0.009874850489019074
-0.11486051533445496
-0.021923101327150966
-0.05279422396013322
-0.03223301466460067
-0.006154136473009484
-0.02772757845174308
-0.049620287310809516
-0.02871319698107853
-0.012606354253365907
-0.006182499941255573
0.07056854743957755
-0.03444479230774435
0.015418708475354441
0.0836957300765123
0.156592609905697
-0.04787772902454107
0.008755103417386287
0.077769257900419
-0.008406796415207207
0.027392548079161264
0.07488185113407923
0.05268736068039089
-0.07398528343236901
0.06156678583193719
-0.02460652603593516
-0.009310057132721226
-0.05308363557403584
-0.030256348906468167
-0.1059760736804028
-0.0422783332725335
0.06727574990946224
0.026487262485744012
0.0445763069221709
0.009539520918961783
-0.05629291860952001
0.047749049102160476
0.07825202335986547
0.057100094591451336
-0.14074884841893048
-0.04397968619320547
-0.08564104105376817
-0.1004240788690988
0.04644577510476833
0.07211901783182562
-0.05902226831788053
0.054083959032830316
0.05287277102352702
0.03651886326380618
-0.03701961157877308
-0.058395573971122064
-0.031085522593609867
0.05717663531706478
0.007792899644707871
0.03705322184502619
-0.020904192971891826
0.03887991117553639
-0.022370598983526255
0.06092327355102478
-0.023416847400856464
-0.03759021013215635
0.06754412831868144
-0.03837436758027913
-0.027877258796901498
-0.05395806758738458
0.019664738581215556
-0.02782548781533156
0.040350978409508784
-0.09711196851186199
-0.045714249770128466
-0.018443411962999416
-0.09949308776498728
0.01233954864874798
0.040331921924310156
-0.002265020262702344
0.02007971459362224
-0.016683091313282
-0.009478034385691654
0.029889321402828677
-0.07324628340528525
0.06869509916366164
0.06859169124324074
0.015089999240118739
-0.02427592982003988
0.011330580272947283
-0.03571642362207922
0.029176089974142092
-0.03373104274822781
-0.01629304389529387
0.04792369937567466
-0.006500073386350463
0.030882655668615342
0.005322657111655525
0.030645284643333444
0.03953969323382114
0.06745619890971713
0.15425951873477975
-0.07271424151442184
-0.040623939934655254
-0.05632077875232008
0.07806815611540724
0.11425462016774188
0.013233703938238969
-0.02373838782930912
0.025066665844818856
-0.008955154495574722
-0.0767748115146785
0.07225744436187587
0.09746782843418177
-0.024586465816938914
0.059371749210592996
-0.031022751011425164
0.009161797973842279
-0.025379222491380617
-0.048101556152540324
-0.0037958889453275236
0.055650642923931806
0.00033539263405687157
0.08619844208291037
-0.03560775069741734
0.04531325269906196
0.06192452904166437
-0.011566054714852753
-0.08508783510906043
-0.05278077435727299
-0.03420574963467058
-0.060584497715669226
-0.04224813887889923
0.019136026943455495
0.039700784889026376
-0.0068046321238242535
0.04633609703620531
-0.00820143988848514
-0.04619840295874282
0.022883196398048183
0.028721946374942593
-0.05861504002404635
0.024382562392127854
0.07270817404965513
-0.01957755733087526
