1000
0.0015296545299605608
0.014298061544876851
0.046134842908122184
0.07789045613416411
0.0003007158791381719
-0.014584395579138508
0.006672566928708478
-0.00858083865436087
0.00016962110101477
-0.106856779738639
-0.046624802308550095
0.0029059487625653618
0.026695895003936727
-0.009963460273103766
-0.04352593139888213
0.026901143405838664
-0.023519040614178817
-0.007382783499131781
0.055562475995338007
-0.017355380426586884
0.027007846148547593
-0.024682260862369285
0.13545054661255143
0.08063422360538769
-0.03963860343160905
0.037449638336544924
0.03922356810819838
-0.053787047929328625
-0.016227297988717353
-0.007592383410776659
0.0898351334523928
0.00285591076511832
-0.011824857476419481
-0.06997116990076653
-0.017487508596613067
0.06752279954299169
-0.015980022738417542
0.09581312208496813
0.043282073632437607
0.025160559559160568
0.047445418688167956
-0.06796564011940014
-0.0019234222051791553
0.034965522060469316
-0.04114644976130736
0.08401960133785502
-0.09953637539865684
-0.029069147698750065
0.0049093930841214795
0.0634209252921108
0.012332480074405336
-0.03634802171962306
-0.011116963601028778
0.08167478932712276
0.006406901649809492
0.013017392702588336
0.019210428389094328
0.08342735879413864
0.03554180033496814
0.053579196110161625
0.02448984657286542
0.10167947445438048
-0.04931816250608978
0.07809436055539751
-0.0019883227782678497
-0.005872113579575452
-0.03090516134398969
-0.031067435857683387
0.060741587983975213
0.008715215275319228
-0.06029787502291431
-0.022533801601659662
-0.05519671711598395
0.009408399934085473
0.11569557880317104
0.0276981904810015
0.01900872737639397
0.014234544079051344
-0.023258754613743503
-0.001999617136758098
-0.0654905528357376
0.07544533574269656
0.01576423725209068
0.006444447328382837
0.005543421035626908
-0.03777835104326808
-0.05443499405404803
-0.032393941514411335
0.08171010503019802
0.01453843577094944
-0.036687939340781905
-0.034079268241455275
-0.019946580946425187
0.014185488118498277
0.011449046391204361
0.028691601559922737
0.016677329667508844
0.031983842898195
-0.009077361224964019
-0.0007550426438601866
-0.01319643341182429
0.11551434208951224
-0.06159117105503026
0.08143018743198345
0.05428461809812085
-0.0008132641250283795
0.1369316210469239
0.10066136443001608
0.015000453640429089
0.014942964695611677
-0.05616875753302484
-0.014810073145903383
-0.018037200272425117
-0.05680933914563113
-0.018346906282167164
0.007117241140752348
0.30592027065507993
0.5737143497617664
0.8293353045542096
1.0144238385810385
0.8515483542745957
0.9667525177723554
0.7465285813002366
0.5405131662566065
0.2591021650423044
0.04284710236220286
-0.2737225392782636
-0.5525147992913111
-0.8548425439863301
-0.9650413659241445
-0.9048925909839141
-0.8586791510927357
-0.7948201303957644
-0.6010598268633442
-0.26729797336135225
-0.07576582860493972
0.318407698286886
0.6261102204712305
0.6859115876312076
0.9140813573695568
0.9245042525289678
0.8024658760448767
0.723935048978624
0.5669309310120818
0.3294415361065453
-0.049586973069233875
-0.31230156933302056
-0.4958804439585589
-0.6783973252963638
-0.7331880322002147
-0.9378045511169735
-0.789796877641147
-0.6470880215158531
-0.5208745496420181
-0.218732798586307
-0.03955726833377467
0.2577492010782364
0.4787301806041515
0.7221957498904911
0.79311242936897
0.7301033025361129
0.7163013196422348
0.6108601247811929
0.5311188800820584
0.2117744779613343
0.058693651338082034
-0.37601433260479544
-0.3642700351226048
-0.6539016676083158
-0.7502929271558746
-0.877894781810505
-0.7922314848040664
-0.5195157482521486
-0.4461179116566252
-0.1832576734573071
0.024805872492842492
0.2839896407153041
0.3514365042402205
0.6492887303526206
0.7228907052125525
0.7145555472096947
0.6734643395625802
0.6561844335163751
0.45155319614807665
0.16711116993094088
0.0948369079646951
-0.2688271902296199
-0.33156146663190783
-0.5184827521687814
-0.6387963839203276
-0.6264408094670395
-0.7003633313128861
-0.5701425499041604
-0.42518426713169283
-0.20387996609441514
-0.034044715273324665
0.2509563712827693
0.4272950680402407
0.5649595708946454
0.5579898665801138
0.6633050357432675
0.6790092731129067
0.5343613118590985
0.36039863632468816
0.17709388367157175
0.013761443186795034
-0.16833002510614173
-0.4729617118752849
-0.5505771144366919
-0.5648615406459921
-0.5648437397758677
-0.6324387259568023
-0.6033966891684582
-0.29701893131014623
-0.16911986614712582
0.027750021784005274
0.20829399892052056
0.3599612518856036
0.469790220957249
0.5608041161739274
0.652172535583742
0.5933577223983008
0.4462255289983045
0.3431622945211361
0.15622247481651746
-0.04880798127627111
-0.1566495142943871
-0.368308697538668
-0.41804977750633104
-0.48364888072564305
-0.5443852809732911
-0.4985264199615459
-0.5260016909659921
-0.27675529156410994
-0.1320288793079749
-0.005159904716086519
0.09389548836815491
0.3340738861930025
0.5059959037596037
0.4909891013760924
0.5963490660929373
0.538991586626145
0.565572446533983
0.37482586911005916
0.13999297984999243
-0.013064011059260092
-0.25690715601694725
-0.2194344555081566
-0.3595923580878356
-0.5398053881324103
-0.5393473171261084
-0.47728354672291234
-0.37430051231826594
-0.3964772882089402
-0.2323720944656338
-0.04509416328884652
0.2036776436062791
0.2800543540160837
0.5047948241848886
0.42600151114495743
0.4048697237734312
0.4745497892349767
0.4212278746107582
0.26353412061099707
0.14632138066736486
-0.01153466798835119
-0.20380264811192747
-0.3231177774908422
-0.4633097105123363
-0.35470205610017586
-0.4609578918128164
-0.4946173705960712
-0.49214079611487765
-0.20851916841495796
-0.08293002104417202
-0.05099038325984315
0.10888688607978277
0.2602878315493674
0.2923180531231137
0.3928834585093385
0.427444178428365
0.513422197097557
0.3522020736493571
0.2437377239287825
0.13580586488255184
0.0896910245960216
-0.10323891280548222
-0.27343860596503716
-0.3484748427715231
-0.36831292559431733
-0.39753731553634797
-0.40424234460767916
-0.4562762010283075
-0.2827683694624639
-0.23616549650595672
0.051031009090142014
0.14799193390915952
0.31767231889377306
0.2652071780537081
0.377476600279483
0.40401089091446196
0.4302300757736299
0.35463778612746916
0.31676452976835234
0.10857726238919652
0.06207445657930499
-0.03914259035893006
-0.14679797533504513
-0.3033310724142997
-0.3910168375034061
-0.30442053140824665
-0.41580226500437434
-0.262208650786374
-0.27444768918321183
-0.07533059975701029
-0.023628477675112267
0.0941100637079454
0.3070648135814201
0.24949685337955504
0.35919421656883815
0.3373469301194853
0.2911418436118628
0.31953165593970245
0.28196003357806854
0.17062300497842767
0.023592657644776076
-0.15925920952371825
-0.208844782878189
-0.27132722267829207
-0.284175237101837
-0.34908512111563966
-0.3151737604649134
-0.20137212200712046
-0.23721311110546844
-0.1399920569930334
-0.014145200105824911
0.07413741498018463
0.19427502985521672
0.19848044925386127
0.4534103348702303
0.3409379780895316
0.3903938025999397
0.25844271810805847
0.11541856276078864
0.1260188579019582
-0.01788575048762847
-0.16582009293969419
-0.17822870494986282
-0.2375027856020852
-0.34648978317255363
-0.2723562768167673
-0.3678966416624485
-0.18626903496986064
-0.138438246926343
-0.1666090774281058
0.07981954149603816
-0.01013682277454428
0.19090715054088647
0.2441816616641683
0.2380691221924289
0.2783982920436194
0.28649614672857665
0.10456020949722308
0.21545574368340734
0.09666033852768809
0.06009299760575858
-0.1271238126361421
-0.1974899718466055
-0.2121653070513337
-0.2826593664267239
-0.30684027921638934
-0.24722777807128016
-0.21766693146090763
-0.16352527729965521
-0.018316978665861003
0.04641562230430547
0.16807170502236962
0.11448034320807854
0.18085385148109134
0.2113411200430208
0.12083650641887839
0.26599191788934984
0.1980891161574819
0.10377709205197434
-0.0009755747775435086
0.0835814184010449
-0.014494069143618935
-0.23214483573766986
-0.1871729882830074
-0.25899961909844
-0.2788811196944961
-0.2835168097692215
-0.13550235999398108
-0.08614917754829735
-0.08397430525652905
-0.060951959464052706
0.06467040192518202
0.029210682228277884
0.1575608724460196
0.20138984951740968
0.23646887722806004
0.1485093413574069
0.18969397896750242
0.06232503122777566
0.0887472551404293
-0.03218907362703365
-0.043791777077076016
-0.09219290888092455
-0.16698771878829566
-0.292029593978429
-0.24569706870787955
-0.2452403169148719
-0.15509928351500052
-0.1343876899831981
-0.042931927314579406
0.030434206969647423
-0.013579582889165553
0.0823783584566223
0.11333230491169494
0.2059808681040366
0.24872356733728418
0.13863396918485488
0.2020329799242753
0.182546660856846
0.05385228761021327
0.06484389850036823
-0.13792046086230003
-0.11373954113810661
-0.19997023651344534
-0.1865807024842957
-0.22623224559251207
-0.18474631013089146
-0.19196533715379097
-0.11767977963482197
-0.043393063911664205
0.06335587477664434
0.09214965105082154
0.10238075767051302
0.12306831137217142
0.1596161422486988
0.22803431883042066
0.15914658242639024
0.09153362950217606
0.09989362705011297
0.1046378216923274
-0.01840413830357733
-0.020427185278130568
-0.0997217592066093
-0.1387858810604581
-0.07254282034966718
-0.10508773552576156
-0.09883875289728741
-0.12555143006185893
-0.1153595803856776
0.014030670511358492
0.025671988537535762
0.2046280076032387
0.11157621389511113
0.20449519558691334
0.14699593363800068
0.2521428988218131
0.10166943515196625
0.1109760516891678
0.12796801423603915
0.012341737746619008
-0.046084219618175916
0.020844769530825043
-0.2036176698518994
-0.12316588545120347
-0.2414681224870436
-0.2126924927774547
-0.18762065544490106
-0.13901714105016422
-0.13802401413715645
-0.04157786559264979
0.012289553025171842
0.008364990252225632
0.2179717327027255
0.2170948010068851
0.11994343704253171
0.1459729301332905
0.175432551908348
0.16008996131113423
0.13933747332608892
0.07807249551697631
-0.020172795124000338
0.015964520233765565
-0.08741237482173603
-0.0908948191914801
-0.19500375692510463
-0.2175028584198898
-0.17751684167051335
-0.18833545939421667
-0.16427212022617818
-0.05491722541041063
-0.0186027559769746
0.07833503333551324
0.03207884860389699
0.06663972557730413
0.10391632138957595
0.17915520121552558
0.20444632736008017
0.12545397221166082
0.05398284211074484
0.004004720283524346
0.043554570746418504
-0.07137832605836035
-0.04447292562312693
-0.09021078351552474
-0.13150048206468937
-0.2614924996251324
-0.21585257458681445
-0.0920845429680935
-0.03837264135641955
-0.018535614670661872
-0.07842883459518357
0.015177036436841207
0.07804034277785259
0.11353788718923963
0.09961500672585852
0.11034194663191133
0.11499167490815411
0.11809266981217267
0.036426836809633524
-0.026040578063127075
0.05508259392180744
0.01751775013573579
-0.12454328741906309
-0.10045583300058746
-0.04236756440389296
-0.13131904032199998
-0.07706659218234013
-0.1149262126761309
-0.033515428950043856
-0.06937333207478025
0.005252633722315804
0.00657637728182767
0.022949105173157215
0.07036869459898465
0.1318446042629131
0.09062449768292795
0.10996086229388417
0.11105215497326545
0.22907177298421355
0.08639297081004932
-0.01212164906864401
0.025939164523723558
-0.006170357073712586
-0.10977127727648878
-0.18434888683548423
-0.14619726943484196
-0.1755990998525356
0.027455240658045624
-0.0734995517788366
-0.06371035196634431
0.011816984141946851
0.014960687978101968
0.11664847486485394
0.004575883640665107
0.11241748331936181
0.0938177569254969
0.10255122241348565
0.14950982107461738
0.06562185198706447
0.09393301375925894
0.008765225954487272
-0.07606923431440366
-0.05493359068052115
-0.1582666823991729
-0.08025182092845737
-0.10829557569161248
-0.11363901006114906
-0.10710342572081331
-0.08431297481749098
-0.11217686978703338
-0.13361013382690673
0.04436505893024338
0.06639528061048236
0.11588797846595143
0.14314009324737925
0.07336244514949436
0.10273971689582108
0.050395037989239465
0.06906277234479756
0.012421468991471653
-0.04523195670457832
-0.11050543211425506
-0.06206462211422765
-0.12856870181645924
-0.17179102594665718
-0.14205767336956052
-0.11658177845195056
-0.12424595563269966
-0.018284132961178493
-0.03955620891183552
-0.02081435003608899
0.05314290680989037
-0.005571356796391501
0.11484209526047601
0.06313280425325486
0.1430151433986479
0.056998502121253715
0.14780520147371404
0.07149540867711499
0.023144274052737814
-0.05753543161309639
0.04253337774510918
0.011364710758593848
0.011281842275228895
-0.09951749318242727
-0.060666837698504436
-0.07849095205753916
-0.09286025711359894
-0.07928781073558326
-0.10512252028162572
-0.07989773127917812
0.07213663811619897
-0.0029393133979772473
0.03947951985790374
0.11672620412303662
0.14244958010511466
0.051438086449236045
0.054676853328179405
0.031713049841412495
-0.028230663355037922
0.09150133144502648
-0.08153293060865117
-0.052267636602934646
-0.0625902731093906
-0.1240325040226146
-0.08688619970767969
-0.07467781669790405
-0.07919867376295328
0.007144601029293304
-0.021360095376950657
0.1075563431926109
0.003424688389373983
0.00953998519810742
0.09006490109787402
0.11452485009270712
0.11273160891780415
0.07572035255785146
0.0555450545434449
0.08860776635299025
-0.07795335086846548
0.023796608517431928
0.003523088845692284
-0.0525556783595
0.013100976276134671
-0.022578438659489608
0.0076994131686191625
0.015670840664071817
-0.07618366377706165
0.02967559694951863
-0.015626608497875068
0.02672728712169219
0.01003175831029644
-0.021996321999823917
0.022232085629266964
-0.045016150391157875
-0.017349085612492904
0.11958571387906095
0.12938036337009132
0.10793722911810655
0.1241868438004852
0.024853801442880075
-0.08359680191526075
-0.005521707911912609
-0.07922585474063759
-0.019077929904463324
-0.04237523282994018
-0.08243697075531362
-0.10234931489092841
-0.04649788228233927
-0.0346460231316517
-0.018522046031190193
0.06966191053227982
-0.014998493299489796
0.01430463246351995
0.09807375307063074
0.06850653208861557
0.08454005078421484
0.07675082540402525
0.06710520795029226
-0.06206571831142028
0.0730166818131329
-0.010924598646066788
-0.03269077326484786
-0.03563173420133817
-0.12429430639896996
-0.06126504969238883
-0.09722488436588625
-0.0845413329575978
-0.1369054978132467
-0.07046447322677264
0.07844708827656605
0.06126547556135488
0.06394182707969807
0.12297972631148298
0.03851853902286671
0.0911663026704809
0.03932128769282821
-0.00901068876498979
0.04728100957232289
0.04507949857341484
-0.029196463638317613
0.00320446422839216
-0.026999377268011528
-0.07755504044442968
-0.0814197163901684
-0.061805568682558557
-0.023449046532696936
-0.06535365887282209
-0.00567920547541698
-0.04782537577235633
-0.06205420147431048
0.05601119558183473
0.01454536190245419
-0.006025121151040418
0.06012617820356937
0.06799464593877716
0.1344138147910039
-0.09713476356222941
-0.020759800876767168
0.07829875375235837
0.09527639241542915
0.03727248011508118
-0.08664196324418433
-0.02430012660036387
-0.07265400124295965
-0.024879415072966583
-0.046052489084150376
-0.15031801260730268
-0.07961112390047864
-0.034098012756417176
0.07077287730460047
0.08301189518502458
0.10800400690162112
0.07500762999360527
0.03516667271106619
0.01023593368422595
0.06336198817059294
0.03573814846951958
0.04901483034910581
-0.0030999587201329306
0.023865421184382233
0.03173179717202878
-0.03494232139651503
-0.05246864012519893
-0.003647680571727048
-0.08485830852830527
0.011750609859480655
0.02725071550444002
-0.04973593113403171
-0.02533197888128178
0.05093043182002015
-0.0128094276074107
0.04773828928205103
0.03030375863682238
0.034348249535418686
0.06682048749058253
0.07544308656104896
0.09578447730059106
-0.002906991243541608
-0.019818912888685314
-0.002368489238066984
-0.11948510942331203
0.016508971489426434
-0.06582186351573431
-0.020775140514772354
0.009891889859864104
-0.10810245253836806
-0.06979806718196493
-0.006002005922563409
-0.010660574735119374
-0.034169357138655605
0.024493108282195433
-0.005009911753669653
-0.013865853805571794
0.08152926682990053
0.04919603899158576
-0.08321668708097912
0.07669470103626849
0.026645980444337854
-0.011444602373527556
-0.02189167853944893
-0.03489771844453616
0.05724080083095515
-0.026105498138466257
-0.08841607329520682
0.004378943009482654
0.012235368381549788
0.007815237247467403
0.05173099526750668
0.02436722858986546
-0.0106909133131709
0.04334778368350209
0.048979883289826935
0.08375275903184563
0.10897545863707497
0.03958845352971976
-0.01859974885931221
-0.014975042732987907
0.0029109759501401537
-0.06229612123632655
-0.017681013905370385
-0.03833485242946942
0.0012706546033397666
-0.048859971281591225
0.025123937221012332
-0.012898182996747925
-0.03214747758172113
-0.059474256592723096
-0.05955568844904488
-0.06126140790900053
-0.007743440820785805
-0.027065551586627573
-0.08080006983873249
0.05331320318965689
0.02530880261316069
-0.057273458505789014
-0.06658187725573345
-0.01752177610083192
-0.02130649286982962
-0.08618479696303845
-0.0245959111212629
0.012006274392698062
-0.053185837349726414
-0.08515136403855755
-0.04526375409824245
-0.04949930785522092
-0.01324913719052375
0.01155023234608342
0.01307032904337654
0.015521665859326312
-0.07790553184152767
-0.024195470294052758
-0.027744437922488444
0.019364021691520825
0.052169437124095545
0.05069853150361761
0.041992743962958545
0.0006320869537123179
-0.037453353474892856
0.057788156296781246
0.07277732021699092
-0.009613294246355035
-0.062042178451540586
0.017913114459054764
-0.06567694431135393
-0.02333130133698244
0.0013168109814833788
-0.06614838274680493
0.032600545390869984
-0.006232926675612981
-0.008194925069390381
0.03456477959475298
0.0017014419388132144
0.06534917576754673
0.0018128097963819763
0.03523548465287518
0.023630114835952083
0.051676718901920674
0.008117448586216096
-0.029170404051287464
-0.044896126982167966
0.0025973696165133026
-0.02572625114606298
0.012167380427833222
-0.01803340067866635
-0.061106625506308784
-0.0251096591107522
-0.0473380466329086
0.040673386225451726
-0.07788834322527649
-0.004942462362563451
-0.02059166793306138
-0.0006680272994585429
-0.0022725686514638195
-0.035755205728217304
-0.003535903158582033
0.11699619452063269
0.0049689192715189935
0.018193023013640442
-0.042807007311522025
-0.0011181066944752995
0.017074205483055875
-0.02944090019549385
0.04196728669674467
0.008440613028398908
0.05295460572409876
-0.008101310642032844
0.064949326904572
-0.09422412930700301
0.04150920184434765
-0.0055765371135429115
0.031531399689878836
-0.03089708015137537
0.025693874229057438
-0.027092763775025293
-0.04718509364954798
-0.038451200936056126
-0.06526972333476061
0.03768425382833671
-0.01506328748980609
0.05958795676819701
0.013559780802940465
0.040083933289671726
-0.06457568740160671
-0.08683672498615799
-0.032710277631144716
0.09719768568233632
-0.06678662219923835
0.0053385745308840455
0.02717542470590112
-0.005246265542729297
0.008916342300655243
0.052000010680560836
0.02179428450602871
0.042449945188154876
-0.03072766101360044
0.06583998752491993
0.04696705607777119
-0.02308704452607846
0.03795343231175993
0.013541938809124169
-0.01798388261316473
-0.005750783549464382
-0.05029793399790143
-0.15716462200269446
-0.027757916481965378
-0.04822553642774465
-0.04422986583398018
0.02890507173754512
-0.0627190071131935
-0.054868820782271135
-0.015328409063386483
0.05233222021789402
0.06493795238414386
-0.0005850347317720803
0.0013396020432320816
0.030998152062159338
-0.01941385799170375
-0.0349608168663606
0.06203947354765917
0.022809605469307128
0.058791869845497065
0.013859836179486627
-0.07162498973792647
-0.028690769766294748
-0.07308163451456011
-0.03704333650517637
-0.030230160472356604
0.04661152164465223
-0.06085928347393357
0.008761355894846052
-0.0005917025722491321
-0.0816129958472061
0.031406606649011314
0.06307600025722158
0.009278798069036719
-0.002020412967251639
-0.010046889584231519
0.021960576769095286
-0.03629408491656473
-0.024869286584735417
-0.0014176089581527875
0.09683930025498019
0.019729939530343698
-0.0833565970171211
-0.037962933845571346
0.007488910312352909
-0.052271246205921294
-0.04573344994869821
-0.02543939381322164
0.01117387983846604
-0.0010231955110583174
0.04593261710975219
0.005950847005451297
0.000258332195917527
-0.058626175035471156
-0.08714082452697307
-0.023493854232856007
-0.08141324496269711
-0.06155046864343777
-0.06226324555175847
0.04401573708595172
-0.09332579276056975
0.061817797167289815
0.030566859395630204
0.012940759534458434
0.029111539261483035
0.032550585082550036
-0.06184317304285478
0.0015653233359962434
0.05227648757208533
-0.055172004265417934
0.041050706007145436
0.03860352168817112
-0.04766591468126654
