1000
-0.049125629679284834
-0.02074963718568354
0.038654345175841265
0.0007394112122782268
0.029005795993342316
0.059774176280424446
0.013962860795037954
-0.04313828574938038
0.004461026633184323
0.015591791278984616
-0.06714291743881176
-0.031195654015788384
0.06617886175635283
-0.017953209004781364
-0.118221273845682
-0.01989048018351703
0.031532392337882596
0.008906445568248494
0.047318671060541745
0.0461706426275944
0.05513301647464011
0.029471069870543383
0.025563893297833224
-0.003680805546242916
0.026174410474781785
0.029801097346596486
0.01156332480843144
-0.03907980520307597
0.0531879609461855
0.06383565432798456
-0.026176510327089078
-0.007482100167201521
0.06378433625477638
-0.03423433296700359
0.04400154863629475
0.0030890423023697093
-0.008169576627242228
0.037461500335219444
-0.105121436798934
0.02436675161184836
-0.06272065300459712
0.040977981973357405
0.08322607930427896
0.018107344592726452
0.04996077074852978
0.04101279376548106
-0.1205228659474022
0.047366463109172356
0.032638309165000524
0.01740223116210347
-0.004800208107960302
0.02990837860083266
0.07099098875744463
0.051862064212493814
-0.013284408897210496
0.009317962055423715
-0.08885483670383593
-0.09140089002765071
-0.09645056417768859
-0.017369946714121415
0.027945403810529103
0.03922009148564842
0.043150454337202444
0.08198189948787653
-0.037757444548297575
-0.021687385417904444
0.05662477050383076
0.01724024584119308
-0.031558089291177774
-0.0059146598176212225
0.011038866328657903
0.009247110521419194
-0.009002995434529527
-0.01435979891455461
0.012444830805564045
-0.08765913635339233
0.025490214803569944
-0.008908369673730498
0.030547381748093717
0.005780504023673964
0.07203208618342916
-0.0003375383872851104
-0.05014153235054029
-0.06327991743174013
0.007835033144736577
0.05251805630381985
-0.01614874376293147
-0.18028159080857808
0.03754482536023979
-0.02972909558221298
0.014559082920257977
-0.00924018946458609
0.07382994305029007
-0.08232926502203586
0.007974696040849947
0.06978301209852146
0.08145461331119283
0.013117894343379686
0.04390446737320698
-0.013975778219194289
0.05083859197728899
0.11127513248357052
-0.02105379050407478
-0.08597518966187631
-0.0728837528151518
-0.017433863218004674
-0.05167112277637487
-0.006495410813590372
0.08222755643517615
-0.06763342549966327
0.030232825502233412
0.000711651701010182
0.03914796304782573
-0.1349019737883056
0.029362095928531597
-0.049038207013741966
0.00280801818982343
0.037022306577343046
0.06530859567192297
0.011762419203548043
-0.03982660218398609
-0.015352346148371752
-0.02951503926991892
-0.01758210997344464
0.08053131270705395
-0.0989622139893833
0.007468584376065958
0.2696915917635035
0.6072415879754859
0.873803608144819
0.8986786650505064
1.000549351385866
0.9631700442108014
0.7823646228999379
0.5980383662767647
0.21571647021511792
-0.0065044047055513995
-0.2308987084159559
-0.5401183796780082
-0.5829215785918811
-0.8965113879608186
-0.9407976975188029
-0.9001335787827695
-0.7881300847323207
-0.5517273754467198
-0.2179584367620928
-0.09711927907415585
0.34243487738209605
0.5623913582336345
0.6939828204384844
0.8851755471299569
0.9628030414578074
0.8070141260565526
0.6980047427362488
0.507707774064259
0.26780050911887726
0.0017599812510003315
-0.30580653345324676
-0.5001491079656465
-0.7907386753218684
-0.7196095212268636
-0.8645766265117241
-0.7280548310043724
-0.6291048105591178
-0.4101210845127325
-0.18003586986845604
-0.028795552660239147
0.2374985910551507
0.49066062747578326
0.6890460606279722
0.7516113909890869
0.8299615457869789
0.8166844562759047
0.6419105206198984
0.39119736884681194
0.29714360176247545
0.06308232208249474
-0.3366477655933392
-0.464719345241802
-0.6238638201364809
-0.7557943097621772
-0.7838792929432655
-0.6748595914462435
-0.6550965423245014
-0.40930442480230134
-0.28218649993616585
-0.04263021070052708
0.22505195295310998
0.381712080321737
0.5432578746106849
0.6445336013868087
0.6256373331826475
0.7545498612877746
0.5706191853224982
0.47488973694938863
0.25431714947590156
0.00687252581741453
-0.22082528149128414
-0.3712745306545008
-0.5175884098017877
-0.758441287765979
-0.633052923146354
-0.6066667828149334
-0.5727565981249091
-0.4353711934119635
-0.21631275078437595
0.023036350525382096
0.2336628241926452
0.35777143711702203
0.4966739369607924
0.5224050046624249
0.6337164923752702
0.6419298343499277
0.5994377816007331
0.4572840063785626
0.2550139002672178
-0.08093536701430176
-0.12757739520002753
-0.44747526566270196
-0.4277813564683731
-0.49620270732027183
-0.6234906637652553
-0.5113775997309762
-0.4188635412491973
-0.38584006857436715
-0.17439365392780698
0.009996632699583657
0.1689495302833896
0.3596329324342595
0.44695708377161664
0.5612016214357058
0.5488747740554833
0.572844682060353
0.4377828846440152
0.33396785491477093
0.2032608711254617
0.034218089146817156
-0.16659739157612094
-0.35744272770790164
-0.4805357741841996
-0.5040575586179951
-0.5782799454876387
-0.49733329210419314
-0.45834353018562135
-0.3465111039833564
-0.2014558860892863
0.039505816301041066
0.20347488797051305
0.3228029359148127
0.3568874412100117
0.5136292337802398
0.4569513504030572
0.42126301144080586
0.36087865936213515
0.24364158847369533
0.2585519687754305
-0.04539181025641935
-0.06377915184672286
-0.3449187312595108
-0.42633325161379415
-0.5103495384157027
-0.45401516737980113
-0.5377592436145843
-0.3858890518243908
-0.24943191712018914
-0.20060660754268905
-0.04113958378016759
0.08033951065966685
0.19529539103973337
0.3758414968572674
0.490708449824752
0.5078983996157935
0.45166629656843293
0.3271003951701541
0.24516313284217872
0.17422984289899707
0.07242183675042442
-0.17394980547196315
-0.21513002323169836
-0.4020112002756705
-0.4296136617054696
-0.39380009914225755
-0.32362493091997047
-0.36813019922321194
-0.29921909509118433
-0.13407123643630356
0.020647387698566097
0.19317082510183375
0.22221516577666475
0.3318827188375382
0.5209982395049072
0.456146791927822
0.39700904234827866
0.31341011713688166
0.3504224190687801
0.15244649417198058
0.0344359344123984
-0.06525755806713002
-0.29871684023406264
-0.49208911107556447
-0.31576884086533574
-0.43584431315136707
-0.4046429265292762
-0.31431774636706694
-0.1860612399915744
-0.14558756531759012
-0.025365190733003837
0.08709969903485033
0.18626550792074756
0.22173758385620485
0.46099790679267594
0.46630851018827335
0.3705402666558825
0.338161941933372
0.19064635906227576
0.05628984362174161
0.05190660045838364
-0.1318097472036462
-0.24942113956989603
-0.32497144202401107
-0.3935435845410511
-0.3552437449437178
-0.3282009193272394
-0.23155902892027816
-0.25833759109094
-0.08661944207747678
0.005452937736851271
0.03666672185271762
0.21952009788703367
0.311012455295614
0.4209323053799689
0.2905537001053077
0.3606795427141114
0.2936420085458864
0.18144601903718316
0.19199290675085057
-0.024684464365709615
-0.09931029924013854
-0.21320168691560384
-0.21088729960760727
-0.34691609655255073
-0.3877335631870218
-0.35196841296643416
-0.30613397500075573
-0.2277824552800612
-0.14659843216772675
-0.03037563601150284
0.0865603950169068
0.29054896959553855
0.26751702560294033
0.3518101539239963
0.25245680861351805
0.31514740267467134
0.27717727307720563
0.18363102857205726
0.11490429012016455
0.03300200439641545
-0.029058612926346095
-0.2518995471233687
-0.3120101791509967
-0.36575156457143626
-0.3141316725393342
-0.23497656331483405
-0.2235261460907616
-0.14488882111195567
-0.03953552470124169
0.02398423367680322
0.10148885902674253
0.13458116910361756
0.28475768062103024
0.3346540989872159
0.2940983340479156
0.25759330338606745
0.25946125747848287
0.19838694512593613
0.05267914036153181
-0.047059790766741744
-0.033333415125467
-0.09578703482708119
-0.2610389619820259
-0.28960259155734314
-0.22057002693394198
-0.32058345574276786
-0.2555017614190097
-0.05755979776012812
-0.12056559772080597
0.02966337991888965
0.04612589253215534
0.11029452833676083
0.2388225041445234
0.22564937342489472
0.2995092189666242
0.21785410423559634
0.1318035540433598
0.11477984062396981
0.15395896596249534
-0.020130269383355066
-0.16517676718065458
-0.09232534734076095
-0.14847537418260714
-0.28284030558081374
-0.21922098120925573
-0.1711802889845342
-0.14732364574914314
-0.06044163604392794
-0.030107517040915195
-0.019554473121128877
0.05830021093090543
0.08029592878353098
0.11806425865092286
0.23049403159038098
0.23539745949803523
0.273655731711406
0.08062333867885588
0.08378765109693118
0.11732022062227257
-0.030269410538908914
-0.057457590692699956
-0.03521887892239865
-0.26288541425103695
-0.18505868092197292
-0.20853100848337788
-0.2327268853643799
-0.30291220660885665
-0.18292136729360742
0.0010207731701459
0.030382843354082843
0.16730582215116485
0.10350150750715278
0.16308347782074784
0.16247938507457452
0.26413731593626233
0.17854748482000457
0.14284893418584524
0.12170869447875818
0.024329407432711017
0.011189410175793897
-0.03678646122170657
-0.14531313226566264
-0.23196897993488602
-0.22064322062487973
-0.18866782910334523
-0.23197626642620411
-0.16676046841358083
-0.11338727762881363
-0.06392817226795793
0.026397466939298758
0.030763872114829678
0.07456323530296338
0.270519584359433
0.16641265356527346
0.21412326790995959
0.17499920204711886
0.12662691928237388
0.08490125768665485
0.054829116813526355
0.0016054840460184318
-0.12725260287039147
-0.10753852057291867
-0.12599799461670536
-0.13434116461456674
-0.20491439200927503
-0.149749644767467
-0.16007853290644894
-0.13168479401796182
0.0013710740220350126
-0.10332737654429167
0.07364748656766196
0.14500275376021116
0.1795863608048537
0.16689806525400028
0.1264745744995763
0.14661565966324855
0.157752744447936
0.11720674148004845
0.055413301137906046
-0.0005240300232972508
-0.10461774702688312
-0.08844723156767331
-0.11014300244257424
-0.10851955510715933
-0.09779672065302096
-0.24025261839469825
-0.028035516323074258
-0.09360757078735694
-0.04909740815287615
-0.04171501635482521
0.06941044054827415
-0.03463251381600947
0.1144996604519393
0.20388288093644918
0.07105698522883137
0.16178088317102401
0.12557044316161933
0.11716021005664508
-0.04931617078469016
-0.000578993367419782
-0.14893462394073123
-0.08759882622713676
-0.14341687404183565
-0.14763048476187965
-0.15008964885224335
-0.1424727506577495
-0.13505352083080166
-0.03676304480627224
-0.033436353911535405
-0.025045549776447944
0.04334474489343672
0.056428049688035484
0.1482251584589824
0.09939331574620557
0.16765882808685587
0.1848663043131546
0.18337746516687337
0.04322974456721928
0.1052573285630665
-0.0026950966663250417
-0.013900840199894748
-0.10768848424228898
-0.15674774383720919
-0.10880040476720033
-0.16849019500779933
-0.08990991957792371
-0.16359352261964358
-0.042230928928973586
-0.0898714764008615
0.06057797900881865
0.04686678588920109
0.05414100769740848
-0.0058223857953095814
0.13464862902122596
0.16421541439350495
0.11743113020027723
0.14468084928039587
0.041705580952916335
0.10835464423215388
0.02308709985997858
-0.05287005823732392
-0.02980830939651434
-0.09556810642346023
-0.16591982876284656
-0.16390452316918658
-0.09857634989512189
-0.0908081157135068
-0.1980919043231827
-0.12435971591034553
0.026205064338501106
0.06729138791179153
0.06376684446734264
0.03810347089653211
0.07991976621355507
0.180343762702727
0.17366821690143244
0.21070509128961717
0.05643867452348672
0.0621469055228764
0.04475941314060414
-0.16343813999979845
-0.050654412762285175
-0.06967252759380765
-0.18042977761114515
-0.043119860062777196
-0.19406964991462938
-0.0655674743330342
-0.03166235063269454
-0.020625142059091522
-0.07125989492896119
0.022178836424870296
0.06369710599448364
0.14826371300789998
0.08232206493364999
0.14200447319305393
0.1602755053801223
0.07347380003789508
-0.029442347290381726
0.14751661428467952
0.010412190276445256
-0.1139281076901254
-0.054147907489423504
-0.09263152869518673
-0.11696805877496147
-0.09585741842065836
-0.05274919020422648
-0.18840468223330148
-0.055720757875347554
-0.05843011748152713
0.09866010544797905
-0.01962070242705128
0.06616375391173626
0.041315648631687074
0.012939112436652397
0.1090879091154278
0.12394005399122035
0.04754990960330961
0.024942467042850976
0.012199209953852035
0.02600270970398866
-0.040989838513264404
-0.09482618592237992
-0.04566003676428389
-0.06581499035286256
-0.2189544444970167
-0.10114949066544866
-0.05955410374509444
-0.1271544458652063
0.02371705770379165
-0.002171768935785353
0.05395689301049782
-0.047154842143316014
-0.01794539207408488
0.10308585397051137
0.12492568640900542
0.09202034975863957
0.049087843104740264
0.09421460556221006
0.03981339664507507
0.0020472713153883784
-0.030839378272802465
-0.17409042357730214
-0.026035430404687636
-0.08471691996429921
-0.09706326586690112
-0.09564354591296469
-0.0517019866122977
-0.08923834543354489
0.043038674161794806
0.015519334176652596
0.005054164095339715
0.0178167150513594
0.05020207755931005
0.08236522760189526
0.12896238082297817
0.0507130127633443
0.09886721513701557
0.07604919340751927
0.0729612896059966
0.053906695423021136
-0.04807837095783804
-0.03008231742460496
-0.08661896838469298
-0.015420914999126734
-0.1335369097454592
-0.08872648926505974
-0.028997458273939007
0.08503997489297455
-0.033369514381488795
0.02332484442332012
-0.04482456612428083
0.09578126569125758
0.03935685797780023
0.11865193708162468
0.008249614060668195
0.02608933696318641
0.07089852747766866
0.06310160423950503
0.06838752766027914
0.002262113094383828
0.04075948554834528
-0.07284793278985166
-0.05886741026253406
-0.0258981622081383
-0.014978121096115612
-0.055920588005653915
-0.03264343738499414
-0.10274202094439182
0.06303543275894027
0.014204844989219305
0.019248936556647535
0.12584979692405135
0.08177797841938172
0.11844456926171068
0.027975719026519824
0.0536662969847419
0.09326541629048968
0.0003331357073223379
-0.009753483890372255
-0.00655755915713921
-0.04688885305922144
-0.048964213864836806
-0.03652624231191354
-0.09289423713568871
-0.09170892849429482
-0.11415276562789073
-0.0048808919196641765
-0.0433671495919829
-0.013226376918498744
0.07693783332097484
0.1495420177521597
-0.0027198332052371377
0.0022411118263286
0.023468535939973167
0.049481038989884964
-0.01199820699402572
0.10012720100632519
-0.027020432893276165
0.021411059172896346
0.030296715248388784
0.06012199013155532
0.05222376535484431
-0.00817491239397626
-0.023615286265871237
-0.01523272455475786
-0.06589534368400161
-0.08304582483437087
-0.035706519260379974
-0.05009213957025012
-0.06979706662519104
-0.026904700060093642
-0.06532988170631587
0.005251500732105008
-0.0007072160063584312
0.06277923157263066
0.11902526969343101
0.09655099711742418
-0.02087003634641451
0.053564404445219885
0.013690339941501537
0.057675283390583226
-0.02954741703223463
-0.025331455440400313
-0.12872858583995295
-0.09659078390342705
-0.07647189508979212
-0.0454623559748409
-0.008209781826956659
-0.06585143259222961
-0.022667391645851815
0.08008198153530782
0.10283799369944505
-0.019847490984173537
0.05605570614080557
0.09742951570215204
-0.0053567081855768126
0.09214593249652245
-0.02401288915698746
-0.011211877645024215
0.03663969829345099
-0.018994560477278415
0.04405832785875308
0.009657056423815702
-0.02424583146847819
-0.10433433787720861
0.012237374818165246
0.013652782325172558
-0.10050804421209295
-0.006415382786839681
0.054684782179438396
0.042930850732032295
0.029326703848477517
0.019080295568067215
0.0312911455707854
0.026885306470189135
0.03298351263941257
0.04599175450972518
0.054907302801602095
0.022786955458093526
-0.05974052190670225
-0.0014093035752026934
-0.04287892646826044
-0.07961872124622532
-0.05078714879819175
-0.13618822132716807
0.007371711374900211
-0.052523491232241384
-0.07016887210501871
0.016833071168318024
0.09348184329849628
0.04755649044236526
0.0380726106549805
0.03428398498253239
0.010420136698648396
0.06513223440494574
-0.016903176433747863
0.02859020554676252
0.03331950472992449
0.026887240315266896
0.08545106787610793
-0.06886209555091231
-0.008667408317945942
-0.0902169602943864
0.0064462613171937105
-0.08925809189897756
-0.08759914255771795
-0.0452907162453165
-0.014294180601068327
0.03852921262645833
0.055208151029454054
-0.053550267532314365
0.011808094817788918
0.04293695426915503
0.07831915174388925
0.06725776933768421
0.0038488921860156504
-0.07810641133701303
0.010534430266227125
-0.011414214842848493
0.03971725825289149
-0.043345864937360035
-0.04710556746754252
0.011476992430211955
-0.048484541906813894
-0.06302471156728143
-0.019927283235776395
-0.12450724729189194
-0.0448845859422574
-0.04965380716426808
0.011832965405563424
0.05327202216216015
-0.0024504466363329397
0.048669583214263165
0.01824528252861974
0.08548831633311038
-0.06136455751884366
0.002551757821506316
0.061012063791202
0.08980785321267286
-0.05351051064019064
-0.03289776919888035
-0.08534848544443163
-0.05066072319073374
-0.03350333947627651
-0.04321864181514415
-0.01597327762556323
-0.035005239998787935
-0.07948626803278622
-0.022017800866334737
-0.00797175936297465
0.05016490455857125
-0.0452155971791426
-0.0239073568902121
-0.03886695749988218
0.14125814560984717
0.03976642275921195
0.06458210236456767
0.03684593759216925
0.07031564643529165
0.006171058840257491
0.003014254277395016
0.04006717800347841
0.014607448164980396
0.01895907921125568
-0.10725378909703352
-0.07657702163080751
0.07944248905035292
-0.010526965996472924
0.08031811338206019
-0.061054279897832166
-0.08646525682349017
-0.005321067745444455
0.010620283240135149
0.015864531999517095
-0.004247438640838801
0.02274778748575833
-0.02786082277549583
0.013606130381895742
0.019524631042652146
-0.09177122855683735
-0.020828284242368218
-0.0677601073858197
-0.014111004854082976
-0.046838458834982076
-0.07521666320571851
-0.03121495072117756
0.00964022092512425
0.03910918009394444
0.021457404032166026
0.025510691727262405
-0.025511034190982045
-0.036583777543744006
0.0321683942712124
0.09543734458338347
0.05229860994307881
-0.01681450432913603
-0.0363473581658143
-0.008675392862927823
0.008977914343095653
0.06455863116248357
-0.020687785265857964
0.11096996372873123
-0.11651205244864137
-0.04662348115701319
-0.054310695013926574
-0.026433031479896132
-0.024744652691928534
0.0673341637443609
-0.005391785759458236
0.010684829102724459
0.01272994425410648
0.04653942063122749
-0.04448134825708139
0.018491102864560138
0.11793980174249463
-0.002540935051449804
-0.03701443439336362
-0.026186013753360007
-0.026274893603083434
0.04063782435635279
-0.014995950859695005
0.10880127488064478
-0.024950316796728884
-0.01933051616912756
-0.05310922372638062
0.0037984133814162324
0.01872854653726629
-0.10184105837649324
0.03386539751785447
0.06178752947591555
0.007206927870367664
0.013597400446183107
-0.038100410223744524
0.05765711619559842
0.016306550606050827
0.11918106456298713
-0.010947178574293549
0.04743547429745468
-0.06450442570263835
-0.001608451040247741
-0.03963689057999494
-0.07513529257014866
0.10109168283129365
0.036056298737655826
0.0019143494448004457
-0.030232750572345243
0.07766373471033726
0.03844024797234198
-0.04674947722172088
-0.040289242389049566
-0.03416279211495997
0.023706433233844068
0.03003012088103458
-0.034874253076529985
0.018316465703917734
-0.04110240234145998
0.0037985385373650524
-0.013528398156453259
-0.046701838846841294
-0.00889588949853425
-0.008003014860127174
0.016469660520863762
0.03501157679450828
0.06494118553923492
-0.02904954992810744
-0.0079607854668589
-0.0697038515545475
-0.005380612634869932
-0.028877833131385654
0.016730075771000982
0.03796981727431126
0.060116794768560695
0.019869461835917077
0.10421665619406086
0.07511788142048902
0.01643346406904199
0.03552056546481079
0.06355578488370225
0.06859158024196672
-0.03279074381687552
0.013486136800169527
-0.0077938341411037835
-0.03776763351297038
0.01715588489279024
-0.07863372574479566
-0.0475349409060858
-0.05155865953002643
-0.07456221092320547
0.00037128312202440016
0.010537030454272353
-0.013637528674284093
-0.09544191160936162
-0.00914903612208433
-0.03865083630312734
0.026119172966134953
-0.0072408583270256455
0.07336048449093886
0.058481390996449764
0.0010512315213828081
-0.025536093941818133
0.038474532139321733
0.020225026178872806
-0.006057529839976505
0.028297138404954743
-0.06560607223364091
-0.007740537278758729
-0.06929931936763269
-0.001968905237901387
0.005749497323604084
-0.02751334619295118
0.02561515741758479
-0.022234429713361686
0.007708055683987812
-0.05100814788031538
0.016737471098857395
0.001319503079898865
-0.05983188374256742
0.019696409593677362
-0.08451451738436057
-0.0027828275325767005
0.06367720553877622
0.01614616056331179
-0.026837486331169676
