1000
-0.004399750705580378
0.04799545571698488
-0.030048374423463795
-0.06550493941386169
-0.01986040575938673
-0.010060156916131421
0.048489500428441065
-0.05501939539709292
0.02611310165745049
0.02529150569589146
0.07146740478947708
0.015370580345577464
0.04805556097584991
-0.03027249134339149
0.004711419833939967
-0.0041995815019647605
0.03401874627947285
0.038022240512895926
-0.01304143910762882
-0.10021653507004798
0.13264714900261704
-0.07036003264330302
0.022607258047937288
-0.030068008812907304
0.014710118634115947
-0.06469263651245007
0.045987827828781455
-0.147889618164564
0.05627494777113537
-0.008334385697784307
-1.2979483413107869e-05
-0.04490360393727019
0.0013084474038886009
-0.06031046384192826
-0.04018557926146051
-0.034972085474415424
0.06589327359608725
0.035273287141983994
-0.025602345095770092
-0.014284447069406979
-0.05849759627774939
0.06466082174604272
0.05276880271434218
0.2831542894870457
0.5732946285355363
0.8650629723660141
1.0315867023153813
1.034196290366805
0.9239390859347659
0.7231161095603572
0.5437249444389306
0.30122797242464605
-0.02893605864632546
-0.321188444220364
-0.5398989556232385
-0.7987565849895766
-0.8991541346850682
-0.9062831840316908
-0.8334050963956379
-0.7641939053322746
-0.5151180334112543
-0.24690527979916635
-0.024915853411949792
0.28211977673902133
0.5353760563045074
0.7864970149876604
0.7520523759232279
0.8673971608910742
0.8122223308283293
0.8859483189171823
0.4662866129347139
0.19527623013412543
-0.010344517442482142
-0.2317783836396614
-0.5057740790819722
-0.6602781574915975
-0.7676458735141419
-0.828994564776638
-0.7650651893365162
-0.6876759558967915
-0.42280249538293985
-0.2493355985717905
0.026932637937833168
0.21306846532457846
0.4420254993789495
0.7757135471346747
0.8065711474084878
0.815676792323359
0.6900184681033201
0.6851242056317666
0.4909155091403706
0.16536927803966153
0.05711271466095696
-0.211367583093185
-0.4289262697664022
-0.5592234704917438
-0.7103270159949973
-0.7735713101325759
-0.6548554868885995
-0.5338059679791005
-0.4359002125778196
-0.20538670006468582
-0.09908056378932227
0.07887208133205256
0.5361086863278
0.629514087147562
0.6622179894360879
0.7333607741952105
0.704678504812629
0.6093466610155971
0.4152867979520676
0.2683905470196323
-0.04060811819319134
-0.3086278559430305
-0.35330638852082197
-0.5396986411843421
-0.6709677728062826
-0.6475376125554185
-0.6950125891139295
-0.5966596174593962
-0.4349532321357984
-0.19922622373479704
-0.0651763794465169
0.16650961334288278
0.3217096374384604
0.5678661792790506
0.5493764623735415
0.7607035391186747
0.6322055622384338
0.6040331293760776
0.35129913792379697
0.08510968297870468
-0.052050324183363327
-0.19494979175422913
-0.4720261067008742
-0.5312628466106415
-0.5028769706176124
-0.6037931981107533
-0.5675177382920078
-0.49197946544106197
-0.3476580034475076
-0.17463284368288218
-0.00916482287741392
0.1482197472001224
0.4383028851451552
0.5169760141068902
0.5581535789992645
0.6044406146796942
0.5383753605768454
0.4963835266916696
0.272704830552732
0.12720558543600036
-0.02128637615123485
-0.22139960023554478
-0.504115264580028
-0.41915615610016593
-0.5278058505205384
-0.6288773986024883
-0.5507045356697453
-0.4755877458998989
-0.30118350543729644
-0.20732766242528292
0.08927462546365288
0.19651359434707402
0.2463136863594846
0.4589310069507797
0.5161850840740068
0.46964883406415353
0.4681329792676126
0.4413350071862148
0.4563454866887111
0.11927026255700807
0.021921246321278117
-0.15205418910331123
-0.29804799808016597
-0.387431396889209
-0.5015354692999208
-0.5250566501060783
-0.49461649995615203
-0.4274502395206836
-0.35132829380222774
-0.12474096732585864
0.0009888914834263404
0.15020037071385078
0.30989588080983854
0.41563506391840377
0.4119569795660735
0.48518720918854574
0.5395667713515914
0.3085098421869109
0.20467064896823334
0.1799915919348433
-0.012610622780357489
-0.1715447799218614
-0.25495978306918166
-0.41506689530233654
-0.35327958912649576
-0.4844219012695199
-0.40284690689768454
-0.3969213212241007
-0.2574906758142844
-0.20484190378672268
-0.0873687613297489
0.06432805335952212
0.3005581619233866
0.37735986632748475
0.47368827445694306
0.4553807350911997
0.3767187344085878
0.3481508335329074
0.19130338123188187
0.12826240320916146
0.020594765659613823
-0.09559521324341001
-0.24242264593108337
-0.35774405808914866
-0.4309749831891226
-0.413388920697457
-0.4258381765348545
-0.3012330455640472
-0.28552979102185627
-0.24690132848904872
-0.0024858867856316215
0.13853415399209473
0.2561476249696991
0.35767848541278635
0.3478001241281308
0.39036469176527033
0.31610405095401223
0.3674169315036118
0.2639121796415896
0.16028616364096337
0.012947436976086127
-0.05823692618775391
-0.14711771950257313
-0.3013016891101884
-0.36033740207739057
-0.28867088053006706
-0.45866050578704126
-0.33225203847705836
-0.18824139869471931
-0.09540601909435334
-0.0929234788573017
0.21428035890504565
0.13917230351058152
0.2629972201264795
0.3060232591461307
0.38108607911684367
0.33484346233525775
0.3194340149692407
0.177107550100067
0.0841908365682615
-0.0004415342347771727
-0.12142485520248561
-0.2524308700484438
-0.3044422580013351
-0.27302865399975407
-0.33571433833727343
-0.33780751365640094
-0.2693897095077779
-0.21263814626664346
-0.07396809793930194
0.06151236351308489
0.06433937121952807
0.2061958447791551
0.21426706407440735
0.34904437548224965
0.26386539883827076
0.39858052186331305
0.20788607263341455
0.09021683740046291
0.07278279233311148
-0.018131192150224757
-0.13681601692052747
-0.24318170082101553
-0.25455988021370723
-0.2634521936421181
-0.2934737197513105
-0.2792521451678993
-0.3173470927836379
-0.20681662922604221
-0.032063249057774995
0.03007919786480783
0.04987387986552136
0.11715416379480556
0.32334934093156387
0.2697355508221139
0.3417036173044891
0.2866785849397232
0.2424903197296013
0.18391867294197584
0.08973928361390532
0.03951355228373674
-0.08323463978651037
-0.1570637790908004
-0.26365932510764795
-0.28832388387973007
-0.28046492872551065
-0.29892267996318844
-0.2177982110908603
-0.14636502535526386
-0.13184230158925406
0.012553507815763344
0.04950367220645828
0.157299129149632
0.198586445115915
0.27933115409791387
0.2960329063763526
0.25437824387216396
0.28298770106522586
0.172131707749406
0.10894950442346653
0.04907590202036378
-0.0063678479111275305
-0.1804753637670929
-0.20997851874712423
-0.23403315243282247
-0.15379773341884562
-0.20086332022557762
-0.20416559223480396
-0.20222758044722972
-0.06325015871702767
0.06446795258886809
0.008911784154173666
0.17701135960753497
0.1682579467568908
0.22386987789674526
0.24887360786978066
0.12743187502798037
0.26879443218928095
0.11194023432276401
-0.02043344626656339
-0.01392572801471706
-0.09555431281005097
-0.1651687938243624
-0.17707691669805173
-0.19174700397835956
-0.2461679404010917
-0.2894197707851723
-0.2757813420505481
-0.06397902592057497
0.035429088872455355
-0.016878493211545487
0.10453487613753436
0.12969927991522015
0.23892615449980986
0.17419186282896773
0.15301213087840584
0.2575518301567596
0.1751951464640873
0.10961529712395143
0.09751068265877624
-0.028477250538611373
-0.1146062213599364
-0.14371941755951573
-0.19557637402290343
-0.1721273224613906
-0.19916734024575303
-0.19572339540635614
-0.1895079277830531
-0.1341821686245753
-0.07617912289166116
-0.04379295303881635
0.13591439596641042
0.15382023882855927
0.1258132712632254
0.1820741211451069
0.24287303996702392
0.18797553545514034
0.21277965566139537
0.07079483514696212
-0.05953324381194988
-0.018249097334650702
0.022230038929583133
-0.19718236403624403
-0.09896316140335248
-0.1604198256221177
-0.04973639661225393
-0.17908899362535363
-0.19967947221043297
-0.16684128259187606
-0.1253756040961509
-0.052097387181917997
0.05624974663664949
0.09148702418815556
0.19470670607322915
0.1800484475055113
0.1607681818398521
0.19500985027493142
0.14804418881811182
0.08004154094117122
0.12249009154199755
0.002142367151074687
-0.09629360296836062
-0.05393222579353651
-0.141451385865989
-0.15844666645416428
-0.193038890333611
-0.1638999421447835
-0.07533480389595817
-0.08772581567939239
-0.020204246585947685
-0.06797062773670312
0.025462401829781572
0.06313627168615954
0.10928482084669203
0.15515611852222572
0.16956217781815605
0.1420489012976079
0.16045561840705153
0.03762958807199422
-0.010225551394970653
-0.026680298210369855
-0.02043612454892082
-0.12204730350276047
-0.1290529396749784
-0.14181688928538205
-0.09635590808759198
-0.27639592572609195
-0.06899150350550658
-0.19448458237919994
-0.09685584697215324
-0.08900410739822037
-0.02090502410897626
0.062155345162236246
0.029191965337387382
0.10195841694058583
0.2513329564053318
0.1745093860254511
0.20484582138501709
0.12262200640242049
0.06349861671815975
0.005293794031554829
-0.09013365904781655
-0.007020580741393251
-0.16262070435240006
-0.11565995180498313
-0.16521001754041
-0.16452713886588774
-0.14906229231162327
-0.06263770435315137
-0.06463162674760226
-0.06174667168826604
-0.01044283529398389
0.09895042113525035
-0.013413419260252732
0.08766517066915103
0.15661030603967144
0.15538124919883797
0.09243257887610029
0.04464669731702564
0.027130116867629193
0.060788585982579656
0.004284844933927744
-0.06253012830632002
-0.10788682914872622
-0.12299239386087386
-0.1278061882937589
-0.10406213805902247
-0.0470258514437684
-0.10862538114425208
-0.027748149713218127
-0.003589657238104583
0.05254665152841056
0.08695408899823404
-0.021982869463847685
0.15093394924239129
0.09199155088052102
0.06630566924573537
0.16080360765771873
0.17305782720463347
0.04717561466057407
0.022975910866599093
0.04714662769204523
-0.13366045577867214
0.003523507371728851
-0.14390357671812948
-0.14473228290946394
-0.1746430286901165
-0.1661685729587824
-0.09995897386597072
-0.015012580043745196
-0.0579806675983787
0.05980445653182484
0.0212134700979294
0.05290163410796368
0.05717677974765711
0.13666585918333896
0.07336986157427852
0.12369472927465733
0.07149913627866818
0.0623508554021715
-0.06469534711436103
-0.050583866816600334
-0.09479180549867434
-0.042738961725349855
-0.1029107516166745
-0.1784880631236339
-0.12588432124179816
-0.08768335201574048
-0.07234336008708145
-0.035809657472892886
-0.02791703521813769
-0.05084453210023731
0.07618570611448687
0.14139756052158414
0.015844766550348152
0.11171840928997986
0.11210345173393049
0.0940722593705682
0.017349506010437506
0.08989245301229334
-0.064450672765445
-0.021009088296509226
-0.025699525924527566
-0.04621533668334826
-0.02799388634548232
-0.12377739596818918
-0.0882443750046501
-0.014454074348804434
-0.10585652641439187
-0.03998846089473889
-0.02685306266871053
0.012187521767616897
0.08106859965371913
0.038030199900127105
0.07180273918321589
0.10463191355661125
0.07712710834267825
-0.004100107249326759
0.06380531708704566
-0.0038490308993424753
-0.05506173276980391
0.002192931680174398
0.022603306139847547
-0.04959759766130636
-0.043767930935228266
-0.03558727153719774
-0.07644471744127102
-0.12955531594833553
-0.03923830002027171
0.002805771880733575
-0.026777736025233305
0.0022134875369534193
0.0016679059730317497
0.04511246918532123
0.1952437277286473
0.0807677367758814
0.11438597214395477
0.10833130808707853
-0.008341735639193826
0.039886434049143916
-0.027935320777295387
-0.09123013153040083
-0.043160929213454644
-0.057530107746749125
-0.0964682811001922
-0.04393004179755406
-0.03563623817303225
-0.10588599988328039
-0.06250282420466063
-0.04610113761789551
-0.058116943629091145
-0.10259301724189951
0.03173998066993779
0.04312580252877875
0.14626304513402424
0.07305453764173446
0.06786626131969833
0.0855038042044946
0.036945839223208175
-0.015346383238596762
0.07364176103629354
-0.026061787655451064
0.009942232520155213
-0.16436814064419356
-0.11909409658000104
-0.0406555609263959
-0.07706279121747169
-0.04933203481501931
-0.0243248293533463
-0.08545397921401934
0.09345381021794771
0.00623715673567979
-0.007598721872653598
0.06563679725765431
0.10103815571310326
0.08788435359245524
0.051474439164891604
0.13829868406759677
0.020202314599642775
0.02323972412531501
0.03413638849532797
0.04516812387217307
-0.011393144533933353
0.0036790970227090075
-0.019009498695138634
-0.04702572187029151
-0.002590064852796947
-0.1233229019573618
0.006523176764533914
-0.12570978004051056
-0.012430780119752202
0.030497308930893533
0.0676445198744875
0.08850752984543303
0.15790531261391066
0.09255975976456339
0.1442991494340724
0.030213974139063578
0.07991102659199535
0.03624783898699735
-0.01448820066098986
-0.08818045591939133
-0.0592512328712369
-0.09169231856196527
0.019615828762058897
-0.04995485626865071
-0.06980341955023617
-0.0238165751557113
-0.030336330782903303
-0.023453186510323562
-0.0805550624801644
0.12727206035537278
-0.04065171788039048
0.06213032667226945
0.029319270840545125
-0.033548502295725834
0.01135467374927819
-0.018931448476048107
0.06745725619292256
-0.11343295721852416
0.04765377325735717
0.020507481445086646
-0.048431155539180176
-0.08832433966260958
-0.15651492119017535
-0.06421314315680923
-0.025376577412252566
-0.10140018513604565
-0.008935641194379975
-0.03228698372266184
-0.10341521489642529
-0.00141867324389542
-0.0180302608881915
0.02513384186648847
0.023487284933034824
0.0183311321841418
0.07695220467857794
0.04114420524762709
0.11995774784437903
0.06403772041701614
-0.024908551233018866
-0.030302903905534206
-0.04133802908169792
-0.016005237956589837
-0.08853104016304468
-0.03744992012151122
-0.06098065781057964
-0.06346918774994663
0.018662519402303443
-0.0375864894429167
-0.0681449416788655
-0.04076738367436837
-0.018178518878527037
0.07500964010516217
0.0327466230601016
0.03192399173592143
0.06149225606022468
0.03184236347946558
-0.012834583620202056
0.11814774505222772
-0.055205179407866165
-0.07661171099498498
0.005707163273279317
0.025144275058181023
-0.01370045944261887
-0.005198070862955144
-0.0042165011847150186
-0.06276525396974911
-0.10195563945450062
-0.0379075063634445
-0.042489575295045816
0.04890074933209619
-0.01455746925644387
0.03429466670609578
0.04837950902906324
0.03531691052493622
0.05008699821964772
-0.07252984481509465
0.020506907543490376
0.026702636876670537
-0.058678561975483864
-0.09439166395741731
-0.035796433997255656
-0.019744785085815966
-0.00655608561347816
0.016676823728616078
-0.09226014554819713
-0.028305242056994133
-0.07208587254429784
-0.01365046382495974
0.025793951894731947
0.05860921980254787
0.1099326736802903
-0.055000968308941973
-0.018219212472075925
0.005788336835827031
0.04070578015217455
0.07684716769794374
0.08410219997019133
0.09290673754182206
-0.044403969471285415
0.02151558798515603
0.02418733640776754
0.07596179323526848
-0.08201867250954895
-0.08733218670920193
-0.0719648899540313
-0.06588581941802701
0.024743478488976033
-0.031463734730279226
-0.056160962655637886
0.0729244293624181
-0.02584882458319753
0.09129502801307854
0.0640273913399111
-0.026570635318867664
-0.01060291514769851
0.024456260175045402
0.021813940078484702
0.029843960840605095
-0.022097104610944895
-0.022250230839853894
0.010229176606445116
-0.012113997122320657
-0.10234140709597318
-0.004868643795727452
-0.04340986093974572
0.040125003478420004
-0.05345798525536166
0.06785315724732217
0.01840999949122821
0.06536166378816587
-0.00927651457251458
0.01459470560538177
0.05184937533171148
0.050254154296114184
0.03165435679897493
-0.015364320531172673
-0.04227731568106577
-0.04223127569598949
-0.004260167784869928
0.028687908808685613
0.013783523270499538
-0.06897373374413895
-0.08254315594282645
-0.08010302233907132
-0.0586852225409238
-0.020671595931960586
-0.0177656239782939
0.03432842022554429
-0.10949085558299777
-0.0031107477760868585
0.048776229427868176
0.01204818018862558
-0.029325085544659388
0.03520509677372312
0.08921296623008393
-0.016599364912911006
-0.061725331394500975
-0.004006682775948676
-0.007103486015022533
0.02928700977382522
-0.08424963607747982
0.07905952090611121
0.014217415323686474
0.014442974989689349
-0.0858937307177518
-0.09992748237247501
-0.000931861205762408
-0.02216237540129313
-0.03086232296948636
0.07959166799290508
-0.06438484657046084
-0.048274057209760655
0.019457791252881433
-0.10901954295056315
0.03260986480543194
0.054039157863129905
-0.0035131997921553186
0.010225579096221484
-0.024107381674135016
-0.06791868939686262
-0.04114998050657788
-0.08586186599522491
-0.043545734205166955
-0.005391481958154462
-0.08740913792655142
-0.057925576631216585
-0.12973448419625092
-0.023189344773803005
-0.007109250557378486
-0.00100178660571642
0.032353106644478755
0.01274790453632144
-0.010675196169414106
-0.03273703904578636
0.020782323275502262
0.044143585445367006
0.03706042841671395
0.02883338615463584
0.05216601189195488
0.0818264023335727
-0.013376218239203798
0.056715750003210344
-0.0030143007836682285
-0.03558393223978085
-0.1708738537393336
0.008972415093002443
-0.0016736318515466544
0.07547029990981802
-0.07790675699158839
0.023725758445147734
0.06758484442789142
0.041329681204694456
-0.09112260217620946
0.0883607552734181
0.01832008289708097
0.11191574953511481
0.053645178869721866
0.04707777240033881
-0.032181822737833855
0.020620427094086957
-0.03842460170617735
0.04327453113162412
-0.048602154760731306
0.022098344365061143
-0.018877889268192196
-0.02344597344364797
0.019232715597628645
-0.007457343108758122
0.07166893790750839
-0.023926438673977635
0.040832196529640374
0.0071299948439194644
0.008883754119751345
0.07418554393164183
-0.07864452577463214
0.04654553249818007
-0.032503187697901344
-0.12150596443135359
0.05020940711257782
-0.016184684121322495
0.04928392793931055
-0.037560020281138994
0.014747210969802544
-0.06892767537910792
0.06392067238597055
-0.07996698715996776
0.04243597833277351
-0.020780627038827607
-0.0905795242055722
-0.05545007652455069
0.068325703145838
0.0702104906538076
0.06461551453923166
-0.0024958186276809943
-0.03112657970545738
0.018918755925502635
-0.013709464606446278
-0.0346606699449808
-0.0678303459453869
-0.05748099783840615
0.01279343830654529
-0.010400115076490772
-0.07625359889387853
-0.010882448553021777
-0.07919615127365483
0.07494444844010192
-0.04375865305751423
0.0285209178729224
-0.013397693305745691
-0.026382489538871356
-0.10499921416084843
0.017144397379235534
-0.027619101813509534
0.023732283237812603
0.043914701251253574
0.04782100613697503
-0.008144041247581162
-0.023648434811924086
-0.02293573489512455
-0.08253771593311048
0.04890678489920479
0.0006108424859252327
-0.0425471256098874
-0.020697860303814777
0.04311426420624876
0.026342214722940578
-0.033189985323226145
-0.03005860927333618
-0.02635266455052957
-0.10734205092726827
0.055397725006773105
0.09769601411834662
0.08152877496654404
0.048121050924846004
0.06954052178191578
0.08298115294820535
-0.06493451769034395
-0.060474956008154473
0.10737620620647995
0.01122126860458686
0.018596735356737518
0.02581124080128682
-0.029546643729764087
-0.011378100623022027
-0.05801336942538178
-0.05943069614012593
0.055396619933363034
-0.05243936690393802
-0.0056419299672974006
0.05931658911606768
0.019626386045970563
0.021460031875661076
0.05342502199756662
0.03397987324110119
0.039410036397668144
-0.003132385562428581
0.07816463475499069
0.059000474030928445
0.007568708138515274
0.06193481585529603
-0.08557818500625036
-0.012456790765442236
0.0035885794327575483
0.04977295512926133
0.019507585047755856
-0.01445210469992195
0.043903392659923816
-0.058385387214615996
-0.0530408681024329
0.12781479974396565
-0.07215954373423766
0.04253994775974097
-0.011896303285692076
-0.013629278924450311
0.010825545998667559
0.022034375859135542
-0.02967071661917751
0.029350337481117737
-0.2251791093831576
0.04143834509099413
-0.11400643793408095
0.05387867508679728
-0.02898634469004563
-0.005794631933208315
0.14018157946335702
0.043119003832782235
-0.06200287403867848
0.016842803790572864
-0.011687503997455028
-0.05037493361832593
-0.12947797819767493
-0.04598582928375333
-0.026169946428279647
-0.0513908302450772
-0.003406706944259562
0.001580799304534147
-0.006333741233353211
-0.04656840156068873
0.05209830103656719
0.0943775784465736
0.006622478934374952
0.08675942721410279
-0.053637875102361995
-0.0463891427735381
0.07249027106795676
-0.03243464396352908
-0.03267813522178781
0.022584600785415118
0.0987800132077434
0.0029080268829340464
-0.005962762600358189
-0.024385765271096548
0.0037377007785218764
0.020673167899456533
0.0013126687763098579
0.0030921890608625194
-0.09108496658992844
-0.00925541600967306
-0.07770795212696693
-0.03354220321703357
0.044503300435284374
-0.03909484636165998
-0.0777971516911243
-0.025340958370349997
0.04190279900226378
0.0022994380277631277
