1000
0.028168930565527956
-0.010015456622462787
-0.04818058308560674
0.007704292131112862
-0.05571817523097177
0.0021196690564616056
0.10382557881726562
-0.012632049129761855
0.073145372305202
-0.019505889160355304
-0.07954061836096969
-0.0739943913172619
0.005361474988200412
-0.0571137383341797
0.01739784961311341
-0.008731364433183779
0.009846805613125441
-0.01543864279541196
-0.037655029275198655
-0.061790873637164505
0.07969251085169009
-0.035941208801071704
-0.034088789277068966
-0.0035254246105893695
-0.027838979716121592
0.08865722714304552
-0.042104865694401326
0.025336902912186612
0.021500980689575157
-0.023673021884660233
-0.02475090335126602
0.007104010707691272
0.003032491257400469
-0.011904276975938
0.05428797598158158
0.01156404993631736
0.03136879652665904
0.041500470209293275
-0.07482703753901683
0.04444905791207964
0.04496086468382082
-0.03510028714428049
0.06250390696418878
-0.018163987103153298
-0.08607111113748003
-0.03656430704693529
0.0833130697252387
0.10294057693532671
0.07343282432625313
-0.1112932353665565
-0.03502611176838231
-0.0510810921583048
-0.0025378306120777618
0.08805198950284449
-0.05457590031380667
-0.015103270123438468
0.02102156722438693
0.04895208490543693
-0.14026928215634704
-0.05600465530883904
0.020207448970185324
-0.059949947948384076
-0.009891849504235606
-0.023475189126306927
-0.09580727140755116
0.028964744717413927
-0.08972731046771192
-0.030568829544152083
0.02304624782600634
-0.04964426186033117
0.10771051103753732
0.049859974891532495
0.03835191490902651
0.03425861626903311
-0.10829916442752992
0.020291955105037854
0.05532684481371583
-0.05350931064432995
0.04292787831808657
-0.008428069524899603
0.031305071407154904
0.11960460903722266
-0.03859446880287175
-0.02775825986891093
-0.04908931323641952
-0.05975042730229324
-0.08060652111355852
-0.0684962197666284
-0.1100392243731323
0.019782453309898453
-0.06764797552943676
-0.02979973354062377
0.05580633302570287
-0.008006180248419346
0.03262052705043308
0.2966119689183061
0.48548223749635144
0.7502487898017336
0.9036110993761536
0.9893279840123895
0.8410185322428225
0.7900438372436631
0.5698358569367005
0.3059208717662819
-0.050636588936425225
-0.25989864350926467
-0.5293857094704172
-0.7821065520902095
-0.8692689788236644
-0.8945542594715765
-0.960588079945944
-0.6778354347109874
-0.4527289605841599
-0.23029429329926848
-0.021893355425109666
0.21527034194622946
0.5826466635407488
0.6982072084364823
0.81212102595872
0.8787577019245706
0.7190237768314981
0.7731899393589566
0.467403299250918
0.19740233410117042
-0.07027223728298865
-0.15837659647449193
-0.5171502831609264
-0.6291007810022851
-0.7250248648953624
-0.8589313940015426
-0.7988493995631127
-0.6150989674156899
-0.4325085264910075
-0.22240107739085468
-0.0858410701536345
0.19868539822530146
0.4866095142582765
0.6219287230530437
0.8477888047348189
0.7315673628680213
0.7698079001950399
0.7197536841621619
0.4088405196213549
0.20831882111307495
0.024067408890275085
-0.30628105171391184
-0.41689273757360584
-0.6953347713065641
-0.6695510048705894
-0.7328537106101712
-0.7028224844923039
-0.5223354481637187
-0.4400847504077285
-0.20580115628092677
0.0749953951026042
0.2302254296529154
0.4764240808458645
0.6567322581823669
0.7198628288283108
0.5922549605996912
0.5999224953636244
0.5768496723587504
0.4396074324630063
0.23763419243076098
-0.061384588425676116
-0.22273948937849905
-0.4491321129809905
-0.6123955909320598
-0.621608033357539
-0.705682047056418
-0.6711887132646301
-0.4351804986247163
-0.49468404790866505
-0.19449791050885484
0.10070464863596397
0.1892427709907976
0.3936309387076506
0.49456095222257707
0.6710901402251067
0.6872440409170508
0.5751849353770389
0.5421696680070426
0.4274622262773193
0.25819061725439624
0.025396801143923915
-0.19727901715566848
-0.3592758285462083
-0.5140221998378363
-0.6218468201531713
-0.6359995770121046
-0.5608530151691777
-0.6026730279423533
-0.3543687704771355
-0.2279628095486897
0.058955928757138565
0.22079758827939872
0.316247731611917
0.44241177602420967
0.6412421757552174
0.5161993670854809
0.667314623494029
0.440653546527163
0.37160552104518396
0.09449950094561227
0.0588499363940122
-0.19530869751596744
-0.29259867596589534
-0.434381402240555
-0.4809013630063014
-0.5680543037871992
-0.472223779389277
-0.38540177719704666
-0.241076643384286
-0.27110125570016264
0.029621014978280125
0.23889833397282467
0.30639587170604365
0.48662236198690334
0.3897335402740906
0.5603794335266602
0.5154464207256075
0.4614931878722918
0.2963776630684957
0.137862147112594
0.015732606624570454
-0.12819564690088378
-0.2516549414535343
-0.4786592648943302
-0.5179352577200962
-0.5035023814209073
-0.4332685125567929
-0.5008457137406774
-0.38447972529959007
-0.162954995019976
0.015919919968826468
0.16368157805228734
0.41270732994955556
0.3716281355765233
0.46080849937870566
0.4800858200130794
0.4336170188952117
0.4233519224151989
0.3296062558639018
0.04650849173273344
-0.025740736863071177
-0.13399342028871492
-0.22246342713621198
-0.409268896159647
-0.3632701750550762
-0.4808870920601706
-0.3877936536073133
-0.40064477595226927
-0.26892918939891564
-0.12021724165081162
0.0022735492232424178
0.06543036264147886
0.2341899468009901
0.346128243470516
0.3921867335219278
0.4644620577826829
0.33340644522197743
0.3988081695902279
0.2952140039497916
0.19470616218532097
0.02722279889881837
-0.16491647393566994
-0.2600903649871573
-0.332141606043757
-0.4329260575218974
-0.41224729254962156
-0.3554585527169274
-0.3925406083187263
-0.14252246218268871
-0.22960828683694046
-0.03723257195287012
0.11829402627826154
0.21288116667323026
0.38729741895697645
0.4191877449507278
0.4159771707573694
0.31168626855158427
0.2895350018447278
0.1998484668325377
0.08542375177220052
0.02427775198469708
-0.21174911704462715
-0.13763141407797852
-0.2832619412520924
-0.33561833812625075
-0.44979848053429916
-0.34994837664009015
-0.266194806972057
-0.172645483254032
-0.026928190602792126
0.022116622346194263
0.17134600603723826
0.28629891903093585
0.3529455864285237
0.4823898519271851
0.3228496656033889
0.35928179069968424
0.3259247224847299
0.2101300228304785
0.05083867079616199
-0.029413013076493057
-0.07904074734469299
-0.2501580843623835
-0.32320361468872283
-0.296526450933061
-0.4168212245436364
-0.337212346168022
-0.23167072726908372
-0.21021554896453545
-0.07772614445472455
-0.12807823769353416
0.008136696985272737
0.1386777956341927
0.35594670843081927
0.3151328034759673
0.34186285663125326
0.28728424213221493
0.2234029788910502
0.1860163030934497
0.09117625263837975
-0.06085586497179366
-0.1407394378086615
-0.24902791524845863
-0.2618832322030597
-0.31456331164883616
-0.30385363600691867
-0.25517547825758324
-0.3464271882643668
-0.23805224124508817
-0.06754286326761368
-0.04252424389061055
0.09202059269703167
0.1591208093600708
0.2953727865478336
0.16905692642427206
0.2700869727666516
0.2140559020629535
0.23601331076771337
0.14756099863917346
0.0833185596099815
-0.04951053874670481
-0.07600675911860992
-0.12737239244910947
-0.25295487106182607
-0.19491723122186683
-0.19526080627595133
-0.26449904707805566
-0.3440148770066956
-0.16777610329464038
-0.09850774217728957
0.024663192395537784
0.11699242183366002
0.1689194149129906
0.2810228331572513
0.1892481914605804
0.315371067359697
0.28183865488784976
0.29094352278984037
0.12514227011661566
0.1048133751441534
-0.04376573055152004
-0.1598198712628739
-0.139851651962501
-0.2589747815779888
-0.28388279981015513
-0.30756895055938305
-0.21966662155791425
-0.1742294805871039
-0.025217396824845514
-0.023625812757673628
0.10292451516825303
0.12934430950303813
0.22221279545501688
0.2301752436039508
0.18866091371487098
0.14621996923194636
0.14782657929932164
0.20537461758814918
0.10184872910335044
0.053081934828970515
0.01068785421607335
-0.07046904713185477
-0.12030467432047129
-0.2761552688554043
-0.2535499173516937
-0.25039532786907304
-0.22703827160242282
-0.23555997699506412
-0.15733461459889242
0.0018326783078526088
-0.00025899519083550764
0.07605670167672414
0.1471403287195465
0.20194523933213718
0.21427526168584005
0.2516961816659047
0.07695020123709087
0.2169788666762159
0.14370194698174232
0.0502947763520429
0.06604765807689152
-0.014854631728128578
-0.20564231155634938
-0.13097527637965237
-0.1492159993596257
-0.22559604605111794
-0.1928734526575821
-0.17928686578254127
-0.11309137951421079
-0.06585067750449768
0.04218290881893746
0.06075008568418269
0.1765231000165285
0.14322476821016178
0.13422759980769083
0.14882730607770894
0.1712958586696661
0.043757462043988796
0.14064965351727
0.05870469300109509
-0.05068302203019492
-0.06527687450405043
-0.09287788639250368
-0.17461409459522537
-0.20448810980680224
-0.18266133292077405
-0.2246483757283133
-0.22878189142522015
-0.0468283741981487
-0.09519513645575971
0.010634901790959545
0.01967439021758796
0.1727161332245546
0.19504758941502776
0.16719123732383978
0.12225614286279819
0.20604944570581554
0.07869743099660857
0.026332224972110616
-0.004212152874197031
0.014554933655432102
-0.0425176306455199
-0.0931387790032347
-0.0930168126032773
-0.12269042912933191
-0.2605076278452544
-0.2106230976259162
-0.19216222284988832
-0.05110454895750386
-0.05277405624809348
0.02096108998554914
0.038970886298386784
0.13232291715311753
0.09982595111964004
0.14366618977846013
0.15963628896392548
0.18670014521039152
0.04651514104556356
0.1280884529820978
0.045793094530230574
0.03630750227546812
-0.025216440298699808
-0.07002999444187215
-0.034575711839368126
-0.11570732559712088
-0.1384706465112816
-0.22491497116928655
-0.08731291755871923
-0.19252973961678185
-0.015242335164169073
-0.02809076520278448
0.07362452058227137
0.1868773401955629
0.13048522644052674
0.1542246675086327
0.03268639124973913
0.24611290263182203
0.03260993439698724
0.16372669280798668
0.06160517120263938
-0.026210315525904297
0.1128585614532176
-0.10788040554082082
-0.05949272581244928
-0.11369851841766837
-0.1366736000524974
-0.16764272004217212
-0.12628005380257634
-0.10356016198307995
-0.07716214595140722
0.06580338139001579
0.09038133255261113
0.11810630988004865
0.15717859517352073
0.17356016413734182
0.14052569214338909
0.12492849548572425
0.03131681361601758
0.03921325411383557
0.026635744237485423
0.054638717196052906
-0.010553997043786064
-0.1330730845252359
-0.07871948078989104
-0.13441947584444863
-0.11287842297626657
-0.07693296668641914
-0.07484719667150842
-0.11797289723378702
-0.02967436725157068
0.010194881076231753
0.062575832316982
0.051807711085320535
0.0988629750658198
0.11502697998197296
0.09874433809680172
0.07332952739957814
0.045330123081864154
0.02062035505987437
0.009665667999266821
0.03135728978173299
-0.047823549389074745
-0.0598342741554678
-0.04714997570126266
-0.026991136670200325
-0.21213261081074758
-0.09459993413721693
-0.0806478911424442
-0.047775550145768314
-0.07374880030489522
0.11135534464112447
0.05678289997060884
0.030600336795998828
0.11205969022790421
0.1592296198977859
0.124466799481785
0.006389631072814539
0.11311099269413132
0.13032834908339852
-0.012264097872364703
-0.04433010426564485
-0.042438942544965136
-0.01496808712604869
-0.05644805873992971
-0.024571086538541384
-0.16466946568548352
-0.10382830644544343
-0.1271729419939439
0.06666425414549415
0.04095748317352367
-0.018506721220035677
-0.04044456247457235
0.08950145332149788
0.15270988628533305
0.10113614088563602
0.11016422977222161
0.05136006056524402
0.08604171639413029
0.10641776908805638
0.04646043336079107
0.026998335887424358
-0.08799610047731206
-0.07545310533924705
-0.10272508648872003
-0.1598871367062185
-0.04555467911154756
-0.13291915501334942
-0.07614643485638552
-0.05825821737661116
-0.09897708538350056
0.02215082802409673
0.021115666399702193
0.06938426278255722
0.018672100382010892
0.05595213505497562
0.03565525289801848
0.010526107589295133
0.0712209115742465
0.0539490302222997
0.05634633011538295
-0.0516235105398432
-0.040982133517231324
0.06205210664083787
-0.02282208389285551
-0.1275377540529226
-0.017149133049565377
-0.08575015940091828
-0.05685400834076965
-0.047933291440477976
0.016883068380596992
-0.03322655088156999
0.07557356529024756
0.015352097509308979
0.0152899056305816
-0.029594562571611846
-0.019111944365540062
0.07823084481228108
0.03618004210953415
0.0412257065883961
0.023749162817385563
0.10254225757704542
-0.01198199840013347
-0.06924993980825223
-0.13243849950268832
-0.043371987977611756
0.010683588033539165
-0.09761474500961387
-0.13095287294435493
0.01089770131548725
-0.05074913056918372
0.015457175558025641
-0.04241409639871564
0.071671092385731
0.020379149256044185
0.001126356409410681
0.11304341770078519
0.026315300138883536
0.09246101452171479
0.04794681062117004
0.015409404422259989
0.03424775977491323
-0.02538162096187722
-0.02705006901701792
-0.04666349740083018
-0.09874514935321935
-0.084602212504638
-0.10323396058265055
-0.0031739010165083223
-0.06651817116102743
-0.02948305362280337
0.04141146903640483
-0.03537382907903942
0.010168328835146387
0.09492093505530863
0.0283330298910529
0.10018691263352544
0.023824526242905875
0.12174579718474544
0.05782276553852868
-0.061996106406381105
0.04378179394852809
-0.1266147242775736
-0.012083146983585959
0.020090791179098053
-0.05954080615412633
-0.07510192785497836
-0.1346526803646668
0.013924786827479704
-0.05535051160640571
-0.005576702668345583
-0.007619004537508431
-0.0010203220975397234
0.15778643265326558
-0.050771307454319244
-0.03498592649135046
0.09343282023235011
0.23363186062721514
0.022924053797519016
0.04167796630010297
0.08495208698969031
-0.02433857511718366
-0.018484371104586346
-0.06942078489738716
-0.07031994183262877
0.00018880720105236837
-0.03241634002903321
0.03885895784091899
-0.03744855163014187
-0.06535870096202565
0.012077973093925918
0.06250259335605914
0.053627919641756394
0.030313918768430946
0.07038640697131437
0.06595714181686753
0.0008818220052221326
0.09761664076061063
0.07578460857852817
0.030490557468231295
0.0960542184423633
0.02794933600767695
-0.08502284039657546
-0.06381175968072239
-3.504375748713401e-05
0.06326704685811774
-0.03233600010754485
-0.018270360418928308
-0.016807058607450263
-0.06979738680579464
0.027996505371030288
-0.07944859065624157
0.04876496601634671
0.11550087195683971
0.05428727221826272
0.07357728102191884
0.02961170673620495
0.019302660002730607
-0.0013315547997634555
0.08919247374663597
-0.021596401087495373
0.06878337073042613
-0.04063472850951336
-0.07462510953144426
-0.004038981742907441
-0.05259606778990986
-0.045306508741707316
-0.04417262991773771
0.031124206685128636
-0.05075375673862692
-0.08774199919903548
-0.050738167877985206
0.005349052650151896
-0.029230072672769985
-0.09023686288964414
-0.03823394601932548
0.09207425860608238
0.0035134988181537152
0.03492676207772667
0.018780283918499008
-0.06353881326865093
-0.030374963919263264
-0.003824567433287617
-0.022979674837390923
-0.09336825025182204
-0.023450679522006572
-0.11817273069624117
0.008323188494919934
0.002292669225028715
-0.04967493503532164
-0.045098094439972994
0.04940463206615835
-0.022923504485330013
0.10854569417965992
-0.040609996588069096
0.018839549979233
-0.0048047047561705705
0.10595839173191601
0.021134624057292807
0.02549293612341543
-0.03277010147764125
0.05389721653934355
-0.04959928572884108
-0.05585175213714731
-0.019688698804274964
-0.0617571103836871
-0.061098112706046086
-0.057281991793576945
0.00043718691414948094
-0.017238336793283737
0.05744729653022455
0.021417894834005295
0.0405502058393519
-0.006345673068432638
-0.008439362991211043
-0.06049131518586495
0.013304176796518647
0.02759333991388002
0.04681734504701377
0.07283733821415406
-0.06867496786919375
-0.015921536355241538
-0.09596733533611851
-0.04648515561449995
-0.06486497512464068
-0.11179917924427486
0.012520828413523019
-0.03305623069315231
0.029747275976449758
-0.07042984620702088
0.026707124015805966
0.014732270749462298
0.03400104534981749
-0.022900880364520225
0.09333647503576566
0.061429533350417516
0.004560595990444179
0.004768114502586171
0.04255258913217076
0.02183671855202123
-0.10561570102683061
0.05514843397443638
-0.014999121755721436
0.07147227393136746
-0.1255102664632498
-0.07388878319924944
-0.009603027045985868
-0.07444742710039341
0.009451193657248405
-0.010811195801633349
-0.004399960777539779
0.0249066587378508
0.022458552758278336
0.02470922478393944
0.03879841940223037
-0.05587678327070313
0.0536281366483104
0.04116239180888505
-0.01735546407135036
0.09001571616581314
0.03308700733923362
-0.020659706739344082
-0.025506827163447057
-0.04253556281802624
-0.009235401543706993
-0.08685267289594346
-0.06019486377390551
-0.026656340011033827
0.03410115397370403
0.10917292275588482
0.031204495994694204
-0.02530858084138585
0.009126460103365736
0.036292030157968586
0.044783746955787976
0.0010863415541403562
0.05336544524449498
0.041795882078901336
0.014626605175119656
-0.00052353237745403
-0.017253401477851073
0.0590689893557439
0.02615590128812736
-0.03942575542601531
0.02735119857031768
-0.09261478494393789
0.04211759069703431
-0.04164656854122932
-0.08885786022577535
-0.0014025122987076297
-0.044801334711526
-0.027073751368007576
0.07429776044082884
0.08195205738306616
0.10206904427794591
0.015478520638520635
0.09124918281016312
-0.029192082676414526
-0.03796845469514118
-0.051489200398842694
0.0171331760491635
-0.02527724638942538
0.021726580451611882
-0.05494967257009283
0.028369373018692585
0.03814167921150852
-0.003859705269907976
0.06435369371294544
0.06557805748143725
-0.029410110305094564
-0.009665959666819922
0.025052989967243883
0.022540871757396268
0.08731184897118316
-0.022085171377358947
0.0842951949428441
0.0043494480841548624
0.03594124225097181
-0.015167410060401829
0.029685435782306698
0.04531664568125171
-0.04502958845116346
0.01903325784308388
0.058727356941649135
-0.026472719152648153
-0.04037313066289468
-0.04555764235774348
0.040143204208163766
-0.011881069541865798
-0.06798666318650252
0.0006229495823241423
-0.056261148961150864
0.021056412607263895
-0.028485304044451654
0.050284703418761525
0.049209305582310396
0.015056096474009685
0.05074280238058221
0.05513746487559176
-0.012771485058003323
0.053056916327305345
-0.012567574034274586
-0.05175809956453795
-0.018079111873953377
0.0320706465938913
0.008798223174642503
-0.10085131384584602
-0.09109267090479536
-0.09569341994135197
-0.04145385120834036
-0.06371590511936878
0.05027577797774865
0.03515423037044247
-0.035915264081764015
0.030443652991241597
0.04600779285916193
0.017358959423447163
-0.04094586056963337
0.05170050147380101
-0.06001166330315242
0.05652929525940124
0.02384894434641473
-0.04583329873378778
-0.07348819118647788
-0.04244004687689937
0.0029573931256283263
-0.0671550737014475
0.0007539029423328271
0.0076525990929982544
0.0015398742261762237
0.021950174154193716
-0.006578353220893045
-0.014683409841935344
0.08009219294995168
-0.09051608365832717
0.07017179059395166
0.0120008604037055
-0.037810167970338454
-0.1466341265877552
-0.051630776827982026
-0.010016445743022562
-0.01099045454780397
-0.06764541189026381
0.03768174760782636
-0.044582054726720714
-0.06548881068666682
0.0017489256997967849
-0.05728369889400988
-0.040820079915575465
-0.00455255190734224
0.03949842085008467
0.0368422976789284
-0.092302326986018
0.0027950193809220866
-0.015369143203473956
0.060609827940882516
0.06328261044661475
-0.020589682794282433
-0.07843166172817106
-0.092658899506981
-0.03189827804112757
0.01414734720296161
-0.06661438476182034
0.10786750195122842
0.00964791853952511
0.033152444492067584
0.021777378395049077
0.04603660054621276
0.03828967589420858
0.03846842451175887
-0.01952253389030932
0.011115289263492475
-0.0021569623757368367
-0.07040905203270043
-0.004385502349438467
-0.006416005271963839
0.015450051412493027
0.05857363952278606
0.020650946620774727
-0.03886601191261352
-0.013930353874059736
-0.049073089829606585
-0.009086478879902781
-0.021543933697883776
0.10935030631295181
-0.011761529599161647
-0.02186668492591475
-0.0011877177544967026
-0.05900685115605267
0.09576079383219216
0.021732975756475245
-0.0023959316333871518
0.0781863324073541
-0.0030928359035650495
0.004953819656336466
0.044463861715275825
0.04384147457295677
-0.025025185566774372
-0.04811378398758655
0.01975724426325549
-0.07259199431573167
-0.08322478597206043
-0.034728219142682926
-0.011279566661372763
-0.008303674550302172
-0.0956435364435332
0.017157200976081418
-0.003467669074119116
-0.022811972134042652
0.01366944731180052
-0.04029181903609128
-0.07126225246717152
-0.04976235897998327
0.09661643818604775
0.03163211615660774
-0.02121615387776072
-0.10372834182596422
