1000
-0.11481615190382018
-0.023689452097102385
0.08360096685891384
-0.009564901862763212
-0.09072131733474498
0.07506699394948962
0.047655778956333605
-0.023656639201089652
0.026936997839472506
-0.023923630614901187
0.040732528792180596
-0.03391234963471859
-0.00906928627518908
-0.10870669207622084
0.04656516224454
-0.022050222445394008
-0.03954104243741144
0.028328430069521265
-0.036841543135638206
-0.07264815896841978
-0.021080249144327375
-0.01985703533763746
0.028552157342574765
0.053511390293948996
0.03252616377467735
-0.04249054803842042
-0.07132990444505981
0.061771069942233796
0.03755007602363476
0.012869291950186365
0.05216756562931312
0.045327377934746456
0.03876861913104261
0.02375956571624531
-0.038470159253094494
-0.05050595076643243
-0.06731369043681802
0.030736189079714954
0.10824102004082795
0.057756471097010965
0.033182863327504274
-0.09093958296694198
-0.02686159296786287
0.058173509204695696
-0.04026669356321988
0.019628412885864765
0.0384781174757965
0.0007757768570749549
0.025776709281404554
0.03413568562036839
-0.07176611523011382
0.06295308975398721
-0.01879639898036429
-0.009015033811107014
0.016753080047270885
-0.05676560839439776
0.11723202648340932
0.008936652412745882
-0.06241414982681931
0.024419966558028625
0.04810611539970042
-0.07839192707119988
0.034085948439136114
-0.03533316309363082
-0.06471604417032618
0.06267279460532427
0.012726730387366892
-0.007684144957352717
-0.018228877636890194
-0.047375387923539874
0.030666742089911547
0.017769158196106475
-0.08354908136726413
-0.04386485151984327
0.05159292471817391
0.03971441305715575
0.041103103046700847
-0.012379500926177109
0.04680649734052052
-0.0677114957999859
0.07552794736371495
-0.01828491863784305
-0.027884821721864912
-0.017200619059891023
0.031190306539222664
0.03288516387160185
0.02806725903853989
0.03298601655110833
0.004925835557945611
-0.009423046282088789
0.0013295962801200415
-0.03796483882268481
-0.03031287886747814
0.08031371523971192
0.06819650028905186
-0.06253625417568513
0.021068184562642797
-0.019824598810668708
0.06874308350790977
-0.004605799032037005
-0.01718269118005273
-0.037673410498085896
0.017656577681534544
-0.04155367552013689
-0.013465702074786362
-0.06887093477539948
0.02660568219440993
0.008955543171880137
0.04643582812493125
0.014914191662400137
-0.03656608759456417
-0.029168155856553326
-0.004311779050211401
-0.0198830237364661
0.04003940003969192
-0.01746923949666717
0.09105693947584025
0.010386139482766822
0.10026028866542891
0.03293432049313837
0.004469187450279255
0.03928274179190886
0.0868877499507748
-0.04052296903272823
0.01835224048470353
-0.005574066976647668
0.005897913338643771
0.006604848792547621
-0.02822508213586138
0.021106540935348347
-0.006771599862742277
0.02491803947821053
-0.047242396932568764
0.035887512675367536
0.08824655195656851
-0.05124738142072776
-0.02419702279253404
0.31959896618975675
0.5792946170858273
0.8703486085690617
0.9588790136080292
0.9590365085010883
0.9973953676293138
0.7218002249884186
0.5824407959152933
0.2884768081775999
-0.0469719756781803
-0.21696470303865584
-0.548811378829949
-0.795453801093162
-0.781914596155149
-0.8928322682407286
-0.8734494232096934
-0.7911923303229274
-0.5851284413435234
-0.284026574699276
-0.03421710367041954
0.16292786387768254
0.5374894367618444
0.7357830348376443
0.7685207877774232
0.848581155364268
0.8562919760939771
0.7721908309229836
0.6139190549222695
0.20250727763539028
-0.06060131121898237
-0.3512102200279602
-0.5019214964158291
-0.7638573312273276
-0.8517530319189214
-0.8616711699114912
-0.8596817159626922
-0.708299343706674
-0.5542936301665287
-0.23706249550976025
-0.030602721667141036
0.30083095629385853
0.4783219800427657
0.7112000133111688
0.7138544089001382
0.7722371926449813
0.7682790217153033
0.6818214628947562
0.5435807319191454
0.36199958007004107
-0.04527099057171452
-0.2483457650476598
-0.46489018564697526
-0.5294178169158852
-0.752267941407809
-0.7707702624183508
-0.7768212937294517
-0.5335208447100463
-0.46170141085237254
-0.13879177460786316
-0.01390257261668915
0.1906346414658212
0.32637990307121056
0.6691855450990694
0.7362809145362031
0.7090246117241902
0.674901440630616
0.5857750754156333
0.27953464341905265
0.12146708048914692
-0.03384322493864841
-0.18763407814505212
-0.4190402294087286
-0.5340533040380536
-0.6753358701480532
-0.6288067945664626
-0.5782825464528631
-0.553318132059529
-0.36023163751315906
-0.21508247838348257
0.07977122982252034
0.14465894572089488
0.41513442903040654
0.478229617028393
0.6437313916479951
0.6496475671242002
0.5600222219693264
0.5618942510758019
0.3415490757711973
0.22265346202688857
-0.07460160727853682
-0.12866067231009667
-0.4868859048337596
-0.45246224063848695
-0.5567170203156857
-0.533662810533794
-0.6779723364499457
-0.37479254948602464
-0.3284313341316709
-0.06507107057035634
-0.004187315888082431
0.1885760089808653
0.3206752948053295
0.5135034176013606
0.5435632390672192
0.5469075077173697
0.5562083750786883
0.6149341083329122
0.30962603415213863
0.28723382722284646
0.060324084372185484
-0.156456332187979
-0.2708402741509364
-0.3634744459789398
-0.5160858708515097
-0.5739749421559815
-0.5246537730293614
-0.4884418922583275
-0.2934371893077532
-0.16254691561385812
0.11377729204750511
0.1665919006735476
0.34421072120197554
0.4498817064707958
0.48748782328417395
0.5199121276561331
0.4997471704801707
0.4703824792480483
0.3349416952108582
0.17506873535954545
0.03877702919309095
-0.18235368698717297
-0.2914972247649584
-0.34910768325307145
-0.4825096578452145
-0.5491020436737541
-0.42379138777981606
-0.4737254202129529
-0.3958024104214136
-0.15778927890683736
0.08007885969534495
0.11890415967240313
0.26231387105901866
0.3370852505090923
0.36873784993805686
0.4134171454602598
0.4997557927260706
0.31843491152764425
0.26593171724069337
0.12105166033487806
0.08768642062737084
-0.13887105117328974
-0.2810375608099653
-0.3835517763338982
-0.4089293795667676
-0.4186847962858834
-0.4605013494824841
-0.409198422668833
-0.265487588313215
-0.12489363533696127
0.020873939532370298
0.1344725610536429
0.30697587064885784
0.3381544581960931
0.4376712229511783
0.4250557462376095
0.4151753211147587
0.3164232272448525
0.24255523276760632
0.17072134786774062
0.04566789357923345
-0.10062899672488282
-0.2779502966752607
-0.33479282176520914
-0.42705751723861096
-0.3305751261535311
-0.33173081212212974
-0.370721327349019
-0.19430497966410784
-0.07789260919169512
0.002826129342793634
0.05689067895808582
0.20187526195730507
0.3822661234183708
0.41012552593915774
0.4286938890921356
0.33325077751151144
0.18935349273716331
0.23494411307884008
0.09401274159078665
0.023098191558676755
-0.15235163622526407
-0.22541566533963894
-0.24562632842277504
-0.3941237062767476
-0.41874634640398595
-0.2556007110883003
-0.32894368716769884
-0.22507064466506
-0.07916326264255333
0.03809083544029614
0.03035641730758072
0.21017304838780804
0.2373386414341756
0.3626747601492576
0.3359829965418852
0.3749343256289569
0.4079214206098471
0.20193727853812335
0.12961818410681517
0.028343857355554926
-0.06058081661901113
-0.286958055147804
-0.3134525850785686
-0.30693888987203055
-0.2913446423214327
-0.37263256022877833
-0.26972876682846636
-0.22365708914526422
-0.07603192299344572
0.007245598562731662
0.047647997454171157
0.13472700370988427
0.24364280941983746
0.33225097725148
0.3546315131480938
0.2918758242604945
0.2600866045932301
0.1881874337920073
0.17289729607404947
0.04111381175337562
-0.10101787055682505
-0.12664622692635208
-0.26391532635411735
-0.32524096775018696
-0.34732979087584975
-0.2666389885679559
-0.27899764667397275
-0.08431365188286608
-0.07453827490021256
-0.011627617778959896
0.1373754084654857
0.17663080815111482
0.18810352608110398
0.2714684864813802
0.35751287724299186
0.33830623139083604
0.2790691596037729
0.10256207730035953
0.10937887148825538
0.028211692771260424
-0.21629917605660526
-0.20011996913056518
-0.17361798842187995
-0.27267411511751816
-0.1639644996857122
-0.2391824969993503
-0.2979967470132507
-0.09567924098116966
-0.05964421580729158
0.03382878449886321
0.010149034642927046
0.16953458528038073
0.20418496804479436
0.2583950447718265
0.26643136930890865
0.31029141100543656
0.19021751576385526
0.16250155393700288
0.06522316425336668
0.05454169087173691
-0.15694611577373757
-0.11560232123827452
-0.22037171996421406
-0.160358896517602
-0.25113131051431326
-0.2518923097002088
-0.22070650276506215
-0.1717618273938744
-0.06676088286741214
-0.06611629430276499
0.10376992398504617
0.3049668122463006
0.19149397251882816
0.2647877035722948
0.361061661253551
0.2545922732081658
0.16857216573995776
0.08021298105844185
0.09547430335045541
0.0645790454599429
-0.09700656090801178
-0.10191793755645971
-0.22683201454287924
-0.22174878878293383
-0.30056866638071855
-0.21599597903723466
-0.13485557733737497
-0.21079451885168582
0.015093703959757981
-0.024107695946013568
0.09604543711652241
0.12002935975387692
0.10089168396333362
0.2196687364476408
0.14907232048114444
0.2594310230474475
0.18831339017752682
0.13367408604959088
0.1074947205704809
-0.08756767804641132
-0.13484061287312987
-0.07936474561791332
-0.11008791865190021
-0.2838930427804977
-0.27069351559344507
-0.25328392180152
-0.18525591374232558
-0.11109054949860717
-0.07297059030120862
0.0592807606240676
0.11390959043503024
0.05149876654256484
0.0939080771038952
0.20893128547714332
0.23325288312119788
0.16342449891779662
0.16829056037207243
0.1760644108602705
-0.029940068829854463
-0.004336482540573551
-0.03244435971040618
-0.15891758302717812
-0.2223091271348558
-0.20085838913282072
-0.19997364561450556
-0.20432541360203257
-0.1124206471497897
-0.10598640553889166
-0.025038734668316708
-0.10841022678761993
0.04301004901165778
0.07742506934645269
0.055539022899610824
0.1400351539654538
0.14249606449431076
0.21383484064235803
0.12274311534232535
0.12492210533172977
-0.04912268831878212
0.10226537986634297
-0.004651065599276902
-0.06783473046668403
-0.07619179442439343
-0.18115773561017212
-0.18713332094192264
-0.2098704342289566
-0.07278040484513247
-0.23724692827851263
-0.012093622615042071
-0.03872436570713043
0.02012265505903584
0.09150084420925036
0.19808870824932923
0.1331853576000101
0.1685362487252917
0.11832306958666994
0.13273411361395834
0.1134789766718129
0.08177546815953245
-0.11433409523424694
-0.11574546098271446
-0.19129727790961204
-0.12148561432667238
-0.14065796137530484
-0.27779162323109796
-0.15248998844411524
-0.07165452583739536
-0.051735791380512416
-0.032872739333838163
0.09621852707762288
0.12599660146545733
0.1491313297908549
0.039114107076059446
0.2293199380590186
0.0714589295704493
0.17530261086095345
0.1274579067144513
0.09658946377518299
0.07240220448394895
0.006054672776042791
-0.04950488012119293
-0.06356382030449392
-0.001401841772244533
-0.16214609500239371
-0.2352366594850809
-0.25269663653472746
-0.10449697021709234
-0.10683471612120825
-0.04842931886758775
0.05333029080584014
-0.020146896263946328
0.06380658017362903
0.06943637806868785
0.19794913181249063
0.11807812165614416
0.159525553495938
0.10591947704213507
-0.04551030777651628
0.08810764843086612
-0.061747706937850116
0.027024653713849517
-0.06389312199468905
-0.07048282705461668
-0.10412720788751323
-0.09107882008157211
-0.15023358213257815
0.013523420559974547
-0.06453594141203897
-0.03749239071327886
-9.493074016645668e-05
-0.03707178591377945
0.07724557888267644
0.07123794962997418
0.08589347403389078
0.1325246531516931
0.09679237049935449
0.04869402726720857
0.12077561054903875
0.029703984625050216
0.023975933383541717
-0.09224037014877556
-0.05489389975689334
-0.09940092337869977
-0.10039191746707801
-0.15093755744406995
-0.13828786335102994
-0.10659812335886995
-0.05293614406447197
-0.031239379822377213
-0.007363222667922295
-0.07087147791400145
0.05483285508887552
0.04807496233034208
0.07343181482083809
0.04460102682379945
0.12746270286237815
0.0028504164511867353
0.08421938514985376
0.045231602241292634
-0.024527075302116435
-0.03667891309063882
-0.054571013279554784
-0.07803920346225608
-0.06524097193518305
-0.08533954661951387
-0.1404528025855576
-0.11928463760260077
-0.021162621936876763
0.019303556053287502
-0.0600622063676495
0.011461677513675793
0.066892148699365
0.06427372152323768
0.05142686984885591
0.1756623029555931
0.028992282476576578
-0.01493825883224889
0.06210222144511653
-0.006726671027396835
-0.03592159710228185
-0.06279093445339712
-0.07439356969862225
-0.18466059371193927
-0.05997416195223815
-0.11763763170325944
-0.03188202324210913
-0.09941176564970744
-0.032695489091480276
-0.00779366951343205
-0.0149414333859951
0.053386095891090474
0.04313952381301589
0.22086456319199405
0.08058813792463153
0.07869666408784476
0.05780285430092231
0.01712943523805653
0.11157747555226455
0.009582844074714329
-0.02024183132621012
-0.03628046405788556
-0.09035347096105248
-0.006498559940655582
-0.13561803953878276
-0.060033203620141765
-0.021039504441759407
-0.10469459771799654
-0.0728943197518367
-0.08710914074524742
0.07131994162534293
0.0411897369560527
-0.006536549592363022
0.17136034874564565
0.09481725139486501
0.0583229526980638
0.09407625335845414
-0.00449553718271746
0.07122604850191395
0.07165995214727572
-0.030600389244918508
-0.010606057068816229
-0.12091325033230643
-0.09620510990167526
-0.019086915536054308
-0.14440582572496438
-0.02443414087515449
-0.07350512063989434
-0.09021447434649615
-0.11223672080975865
-0.1354421194906955
0.10737190623557022
-0.023859958048858744
0.07099966399606981
0.01798933758113501
0.14896076577310682
0.0858691427691913
0.059678733570720344
0.0586105167607616
0.09018240877863253
0.031088608560311023
0.01215803493373959
-0.048885171354036666
-0.11433253187365741
-0.11683199378720441
-0.0029837812907573813
-0.11029767212444308
-0.09775629756353801
-0.06116220214934537
-0.009113998561442502
0.009448860396930813
0.007223976812546978
0.03475750564688367
0.04130195185691543
0.04536370182357423
0.1664607054930398
0.06349985431633245
0.07523293694582683
-0.017342892814545235
0.0411504972923496
0.04003844552545291
-0.0012516527047281394
0.04547115922961103
-0.02626393421676798
-0.15859479875183752
-0.03535086889471231
0.014999548042054035
-0.03748277013622447
-0.16469345479101954
-0.05007761965725674
-0.018263290761634268
0.005845524585457734
0.06959095508554339
0.06821616992095841
0.10242154293909231
0.00898073721922557
0.0071286290675041455
0.04671594717430674
-0.02887789638352612
0.0019714105221811627
-0.013263950646276126
-0.048549871824822274
-0.008927575271640911
-0.025204364854829218
-0.0900190035214907
-0.03602708056358643
-0.043448762031155025
-0.042546088579166454
-0.025653181910268323
-0.07122595034847871
-0.012047187598294975
0.06366752359562716
0.1646542365047875
0.02860386337959238
0.009865827323231754
0.06380104524620493
0.016414750786306595
0.06858681547497197
-0.03993227212700303
-0.011862171993993205
0.0771108933275796
-0.08392224724532814
-0.10762594626553028
-0.057772430639854225
0.043589077142647564
-0.17320977463636844
-0.09112980709593468
-0.08617643603666017
0.0015113072984133877
-0.011574475291768038
0.03068754567548536
-0.06712355403554399
0.05309179581138226
-0.02578964309173059
0.0011439899642475687
0.002715050026329019
0.07273165979299755
0.11466747384228498
-0.053228340318471776
0.06572318524336396
0.07025477222127074
-0.08150386485208128
0.021499124741098947
-0.08059156555883393
0.02408077819101828
-0.012765344740362929
-0.025639806099178795
-0.09895967779779744
-0.11819969083860925
0.017390740809842088
0.0035348607118675258
-0.00799099006093609
0.12317834773028007
0.05766530774200969
-0.008401185206384928
0.10574410310953358
0.1162119997167374
0.00909753565147392
0.02466424261960141
0.010164740131752585
0.10512927696243277
-0.08855545206103926
-0.023619087455934218
0.03648606154388731
-0.055284453809941875
-0.0772205459292216
-0.06149643732448179
-0.05346689003335279
-0.051977550541120465
-0.04980742582803488
0.019825002039013856
-0.018325649917598153
0.031276663348214294
0.13724067607260854
-0.02677292318431522
-0.02949653002855928
0.12603421968198264
0.12994309837795054
0.1082645391002472
0.08246313372683998
-0.007200264795759023
-0.0332928415128384
-0.05249782802170985
0.04069346319835973
-0.04671385646251336
0.043642435165715164
-0.008593687107004921
-0.07323161864849703
-0.06109865791227946
-0.052055734942353556
0.009792727776780768
-0.11583563477926738
-0.03976348228295795
-0.08917509239861682
0.022000487461068842
0.05514463910760972
0.0233663664259551
0.08242598079013684
0.07651033690724755
-0.014252065947393708
-0.05972686183546635
0.008955270362412391
-0.010108437109890137
0.04957033453676929
0.05126562915730634
-0.0335898789752337
-0.07405532784405008
0.004112207774162033
-0.039816513712226186
-0.028970473465085494
0.01793340860536348
-0.009221550776178804
0.024963273662107207
0.10152266715469571
0.047239574970183794
0.05920426087474449
0.08838275309628132
0.0906191784871258
-0.003790574195282694
0.04960275322472893
-0.02775304113889546
-0.04297927045197747
0.018284281999135343
-0.0681524868481458
-0.008077600501563583
-0.04198394000545476
-0.02061494391032892
-0.09089062455680984
-0.018583636062980784
0.045690566311335404
0.02888939635845558
-0.006700187503111783
0.03041096421937387
0.01026528591880387
0.05292588264129971
-0.0022525233279864013
0.0171288359926852
-0.04487328839510758
0.017466924016373765
0.020253511951214925
0.07986050786018173
-0.02483671605550882
0.007859572422939814
0.04369445051749238
-0.06152611024602822
-0.003573584601547705
-0.01227493319293369
0.008503035500640375
-0.013885948966130811
-0.010062138961446837
-0.05144893405697283
-0.018935744896320557
0.01741257369374661
-0.020280231213479157
0.042190988573824875
0.00689195230551844
-0.012218769483181742
0.016613734212197674
-0.03460639355976095
-0.006224755568840397
0.021433178054116705
-0.031678957234865426
-0.027662103820127525
-0.051894128635706374
0.014404488253288914
-0.06615878931943672
-0.04491145965001681
-0.04512477226022273
-0.04231592140572916
-0.022565471093199937
0.016780502801450835
0.10431599345768443
0.07231936250700874
-0.006301407788977507
0.0166757884720182
-0.07517123095585493
0.08753206133874615
0.044235890269665276
-0.014926059206070218
0.03563628770154386
0.006106579850894642
0.02019112717536585
-0.05868204194482283
-0.016155078315560956
-0.022433522341091375
-0.009335572435419255
0.07368773354898536
-0.015330910581828682
0.0467861864629615
-0.039768151684522135
-0.03146044839317979
0.01291664304652509
0.060213133492363666
0.06941529122289358
0.05428072939347405
-1.9400250993908963e-05
-0.006977318268668337
0.03005802163875341
0.04409887309630517
-0.07302085748411002
0.010341172678686963
-0.03698546887480937
0.03523223442109242
0.00909862987876284
-0.050923781519362166
-0.04101838112715522
0.00855880095023534
-0.09024179984337566
-0.04336003057001024
0.001542396730421735
-0.006081185672635942
0.034451505023041284
-0.037646124905659745
-0.01481144176542477
0.05754954409252974
0.02198235588321798
-0.052904992221972175
0.10499692686658768
0.056351619428901614
0.013921074577230717
0.05183632943460538
-0.0009958676587485506
-0.011730068786245561
0.01994108207295403
0.00847843031490738
-0.01076537619275259
0.04662394273800831
0.003110041729021672
-0.01862854852760373
-0.064917863480738
-0.02711156625251796
-0.04484951309142518
0.0051765393217613614
0.08858366910398953
-0.013956986046191864
0.11828484709909096
0.06824602473213194
0.029838479067576782
0.051375151231530254
-0.0890447851421951
0.06948372083076461
-0.009987993702411734
0.051281690716903264
0.021491939528341594
0.010019912369003812
-0.10827642139825397
-0.08324412337256382
-0.01010257600619158
0.06796103571602272
-0.04905193265045381
0.02693800534759364
0.013511970488739911
-0.020249512380699164
0.024219341944492295
-0.015299567645785469
-0.022633341477863504
0.05457731293622706
0.04057227921984374
0.05396418073123423
0.007103331765619848
0.007835666903635881
-0.08959486128366045
0.06765001920090308
-0.07302558568259021
-0.012963529037636212
-0.011217940156798088
0.04718985294350413
0.033283009224348785
-0.10300799764808762
-0.09137064934810206
0.0171011337467403
0.03952534653791759
0.06743088182649862
-0.013114558868624499
0.14396131255807332
0.014166276960707455
-0.04978399331353349
0.01495469063951751
0.06047735024840458
0.068355520959557
-0.049883621290448196
-0.030734485333138557
-0.021932525534718667
-0.0060044769138651415
0.03812734739111482
0.0382673456943712
-0.07175665996829567
-0.0715349627013299
0.029634734285912664
0.02424207335375247
0.02786224704967474
0.13047723821858057
-0.022715512922712927
0.1171615264252317
