1000
0.011296282268765055
-0.02891011509893158
0.03604771235394141
0.0049680005453354645
0.06766980927190666
0.003279052835355274
-0.0023308613906100318
-0.027837740740721463
-0.003976327399875943
-0.001896039178938106
0.01720204925481185
0.023380505382406356
-0.017778569092664412
-0.020372214853783127
-0.012051622421034011
0.037924002466772716
-0.06656029702285263
0.018398426877369794
-0.035944757716166405
-0.06917148370328971
0.07223551726082865
-0.011344016919747938
0.05274556245464852
-0.044089102952923974
-0.007153154433804778
-0.0992525848667354
-0.022047538637313808
0.040757565746413316
0.03315981766836922
0.007944722142706083
0.019637422615834302
0.016146895437261038
0.01910468077424944
0.038007265777913864
-0.05311249460329879
-0.0004460439154348452
-0.10810086845744954
-0.0004961893488567646
0.008596144991572198
-0.013483087975774279
-0.036273145619300264
0.0804485017603594
-0.09948642236085216
-0.0465065857117522
0.11438078755834531
0.060071995401659584
0.051485706836704094
-0.04580174571537341
-0.02858917440816937
0.04442096332368403
-0.0013251445538691189
0.033841813347194265
0.060779907314914
0.02164112123982491
0.0003217383202155838
-0.006097515387308749
-0.03730107994566487
-0.048499041558809075
-0.012626227807109536
-0.005382092383621139
0.010107431688038536
0.05520388339237118
0.020460791705998543
-0.039260198284192714
0.028095739593175368
0.008073646081654513
0.08511972477409614
-0.028409514685334942
0.01304927607760805
-0.03868779385079099
-0.037708947372861096
0.034304305134153515
0.006425420504229677
-0.03427113329524133
0.04807862353139328
0.04578191493764895
-0.07093638771321933
-0.007473965631494982
0.09391819005988472
-0.026381532183067265
0.010540965240140712
0.09030008767973781
0.016096894993196807
-0.024878701823584093
0.03102824970025791
-0.00868289281671239
0.054236443014409344
-0.07792257161356567
0.1001972248549669
-0.006225931875069663
0.003399930995161857
0.023266441831672605
-0.03925824600449446
0.13741830815986175
-0.037021299171081386
0.0044884507783153095
0.06272593803839384
-0.017339380859735385
0.019160550304360396
0.011622490115011673
0.05759211485222987
-0.0034799674900249317
0.03206546596027885
-0.025223581367160942
0.04273364688052414
0.030969212007533633
-0.04856949217875617
-0.07638801111174001
0.03994840426506679
0.07445621069988216
-0.0144446432681221
0.009816773673138678
0.004939538511949121
-0.1075805824748838
0.16250319945042196
0.08475374581566716
0.022482196853341716
0.04815018892150574
-0.06567210647355747
0.027057869552419817
0.011805849226114655
-0.05578487569014773
0.021580170607453666
0.01776771413665372
-0.04982793604012406
-0.040422417524940746
0.07821746162924838
-0.03989959831241455
0.09098695560987455
-0.025672021110146905
-0.05278506636034487
0.01956170440864334
0.07088402797667866
-0.09343010256716582
-0.07593957737211236
-0.02813942247025071
0.025340996641896842
-0.1023091049489776
-0.0091914215188644
-0.05128067359122395
-0.023124136753192116
-0.011254221831551704
-0.07643540092037643
0.07967323162111371
0.05905949021956644
-0.058455511959305775
-0.024338262211868446
0.04966972818276255
0.04818809350260085
-0.011645071391764813
-0.04198392728179427
0.051885568788924044
0.07054450618302385
-0.057709332280113074
-0.004573807961406439
-0.06760106404710547
0.007391546896736933
0.019124987715039024
0.004814087250270418
-0.013937904088528984
0.012069510074536403
0.0933611773443139
-0.06536447846911968
0.02436208916918024
0.015027325725057925
-0.06036120645376067
-0.020442638836439653
-0.03350184154929214
0.07677219565560241
0.2716704750177236
0.5621812615228797
0.8979017388953243
0.9848056085840828
0.978182822800782
0.9393395049773716
0.8266050465883057
0.5932199027925259
0.2453086691471933
0.09573745793054803
-0.23567727484857615
-0.5749904479024974
-0.6832890112002303
-0.8558866036998487
-0.9541884778267031
-0.8173426527137035
-0.7268634102513032
-0.5363669443291549
-0.30534458017095595
-0.04624957338460795
0.34497932009304383
0.5505536611845118
0.6275836874814393
0.8775807989684222
0.8010252865725669
0.8706465507176543
0.6209431699053493
0.6913828539712722
0.30643914508283027
0.1291034357218032
-0.21866079318179968
-0.466498881778775
-0.7024646436905277
-0.7771001269720446
-0.819305681495969
-0.8090514431870794
-0.7457617158809835
-0.4912131353388355
-0.24153922850482815
0.041045821594055724
0.22503772742528505
0.5006026692831518
0.7175050970862653
0.8465989527008815
0.7281194431437501
0.6987734121592671
0.6338540685501874
0.4731705677261942
0.22419449043504638
0.028080254044118243
-0.20844963049013926
-0.3931144598805745
-0.538398175363211
-0.700047165065732
-0.7789361364962736
-0.6985976741738247
-0.5841347756788594
-0.41107715320929517
-0.18835486455341083
0.007695556048414681
0.22187477461580124
0.40514424471589505
0.5778080145762309
0.7425760844831234
0.7422361523416766
0.691502506393298
0.5685418411077732
0.4397593004308743
0.2405524078715745
-0.054722670902483776
-0.22311662271515897
-0.4218556103403102
-0.6535067382542826
-0.6737049029428418
-0.7274268560594728
-0.5702007449090198
-0.5289435532340251
-0.37454718632670037
-0.18126055334968286
0.023534811179614278
0.15436871746189595
0.40875441866334467
0.5444839302308792
0.572953396117605
0.7027642802148267
0.5656630832283172
0.5160939248855718
0.26962213972709353
0.1860915245153691
0.03222967178586339
-0.2011594686350949
-0.42326417958149887
-0.4813625324699356
-0.6409925860622554
-0.8020994117595913
-0.5358372415410559
-0.5389581169556592
-0.34054730134162586
-0.22197982616456807
0.09148264618748513
0.23082243079887543
0.3432374013880364
0.4107763744751446
0.4903302718011998
0.5955977013289733
0.5461715291086175
0.47878206540379525
0.33909423534400623
0.1907830839993357
0.006845918986107655
-0.13113346008852003
-0.2668669740204041
-0.4233567083028904
-0.5929846048908758
-0.5702188223143985
-0.6394623282859377
-0.5491269031855863
-0.3175332381127266
-0.2644180272849818
-0.03072897693219211
0.17313215785341612
0.3883661207414645
0.4558940279214195
0.4936167007101685
0.5545684557974238
0.49359481215297113
0.4255955758292196
0.39711786362611157
0.15410246758914287
-0.10178199651478134
-0.2893512715173199
-0.23650178655913293
-0.4699352615031558
-0.48404845057457796
-0.5702453440581381
-0.48194710261836526
-0.29745507202825533
-0.26373438777957553
-0.13691946364347352
0.10610709411752217
0.14217593228829936
0.367349415385805
0.3793478971108945
0.5200495830125741
0.4663463283143386
0.4114304561030084
0.4411445778119869
0.2742596821751938
0.1325467036791156
-0.020379243861577835
-0.036553912204360384
-0.22232273308526565
-0.43649893951885166
-0.4813580946058475
-0.36385471987160634
-0.44269219426504114
-0.351072854460103
-0.24771504197550917
-0.15357953352729653
0.05283656769479204
0.03835956633124561
0.27746615814882386
0.3270524822686382
0.48770879982968957
0.4605276559403889
0.4465425859215061
0.3054475330509532
0.2215763546006595
0.15913614750945315
-0.07366134460070509
-0.10562091456471837
-0.29477332174680737
-0.3454929615306942
-0.3625098518593384
-0.4603520046170933
-0.39903527427639784
-0.28659169754514635
-0.25133250049748695
-0.08809131533928127
0.043944661217275284
0.11219984194309436
0.23887841491744435
0.39305747439922795
0.3437813941947607
0.3446455237061244
0.27051101941590827
0.31458983486827463
0.21984659737240717
0.1237473343315569
-0.077276669802621
-0.06982342873953581
-0.245180512010535
-0.30268703910293965
-0.3154179344448118
-0.3841791610904063
-0.23204008409455257
-0.33960389188655576
-0.16740316276819409
-0.08683336404879931
-0.004980524230634133
0.13558391170496412
0.32595718719474776
0.26086459791044875
0.276094360986454
0.3365256945709616
0.2880129189665954
0.34768483389638283
0.14615493702082974
0.03364017962469891
0.09662604607585698
-0.12626732497423607
-0.2589220889935016
-0.22422463651914834
-0.3283753600798962
-0.31368616213674605
-0.3637230470638239
-0.4190638584805494
-0.1112700880034216
-0.12478549139007691
-0.08265412450286837
0.00028207895866737276
0.24769345974966905
0.18256371983725195
0.3286035382525141
0.3765910541649424
0.27329006917301885
0.2962077529673987
0.24329946178671658
0.11142404300413608
0.025491365381251074
-0.05909619881084706
-0.1416708202024976
-0.24336662710470178
-0.27505959463605456
-0.25485653506467043
-0.2741953791940284
-0.25316785868493313
-0.17194676367935635
-0.15614810904574206
-0.07963108548528552
-0.007966338569046605
0.23126438553481507
0.29261866734749986
0.263102981760685
0.1581829533151033
0.24646727817052488
0.2511547009040027
0.18044341973341368
0.07397463357212958
-0.02139068320276268
-0.20033008952604892
-0.08893216954439478
-0.1806675232869701
-0.2693905864966427
-0.38696568437842205
-0.22631637533820573
-0.2743141304834665
-0.11377602666841527
-0.04602124739805862
0.019810215729637325
0.008845502000438238
0.1677208649139618
0.2684807529893457
0.27630920291293765
0.229659009988134
0.25498370169819357
0.14626264007391734
0.180486910558825
0.10986267077065236
0.0006346749039576962
-0.04823157263971769
-0.11364954920318346
-0.23991478555890233
-0.19418050490512903
-0.24759499700784493
-0.39377676598234035
-0.1485685529486999
-0.1184404658894409
-0.06645140103585925
-0.021749368618758758
0.09463435521105464
0.2507012008055199
0.16379718584486724
0.24476224201652716
0.22058671662175164
0.3011113199752616
0.1968543337537614
0.1788144618286561
0.13621593534431004
-0.10084865131674536
-0.07185615235367473
-0.09425307526303575
-0.04286405048394379
-0.18141185981962937
-0.17873502253075368
-0.18727642920986515
-0.19978881381155278
-0.08529078113727984
-0.07762766436466371
0.0054850180229097075
0.13434119148720725
0.14545930580682137
0.15799171440532422
0.22849379531632844
0.23889374263105456
0.20414660482629962
0.2479737508504374
0.12010163579465188
0.11731267542851244
-0.04845805555264598
-0.03951617998078803
-0.03470200671723955
-0.2322532087187374
-0.2014481848300039
-0.2643809436221253
-0.2074888106240873
-0.0875466565940478
-0.130646398041295
-0.13672351560465262
0.09795217803252157
0.034671770213643205
0.053298295153245134
0.2028941102846848
0.2023876340033214
0.24346566312205478
0.12085929654894483
0.15966065646249802
0.13972271721315915
0.07951114694666951
0.06360291986029831
-0.09070666380512693
-0.23257307892837725
-0.13849096933299446
-0.22565157775669234
-0.11170515133312295
-0.1490785636660612
-0.11894050421427171
-0.10379245900698589
-0.06786911136624846
-0.03265525897314275
0.0029516871320458687
0.12139686360818118
0.13699351228621381
0.17594873916312392
0.25797873176316616
0.20790764240806953
0.06579304608927643
0.08609103437524299
0.1128599810765807
-0.07181821329852066
0.021123500148081113
-0.16493589895302566
-0.09964620126877977
-0.17037227382011222
-0.13790604677895782
-0.12545499147565953
-0.1809184114250797
-0.10322140093276162
0.019989188383070865
-0.007975800467330584
0.0379818054622488
0.1675038563513698
0.1318033085727884
0.21842186987910495
0.1050484793482134
0.17762349885224918
0.1284718277574741
0.04916729580503834
-0.025124475324670596
0.003252833861951577
-0.02761973652247967
-0.029555138265441663
-0.08904395684943286
-0.06900124964686342
-0.18852765976798996
-0.10101149494336614
-0.13916149622296178
-0.09318244883356952
-0.03445355264790255
0.009484930193708609
0.08666907986332698
0.08334742274556067
0.11129511438205508
0.16521800386049088
0.15435680866617135
0.06345777230267488
0.1661894423516961
0.055231715358227046
0.06967923219912159
0.06104501016647391
0.050528631253421274
-0.1152267420535229
-0.0992017450290813
-0.13348412502722545
-0.23228788246173765
-0.19007347195307628
-0.16257596493468474
-0.14537523311663936
-0.03852155309528086
-0.14998937155063324
0.06741826339501153
0.11703454411053905
0.14086550878462192
0.10531679150126622
0.02356638362618077
0.14218199955913455
0.054696076858660264
0.04664650276182741
0.1382711076419821
0.04574452646044924
-0.11940073899627641
-0.030334917628737405
-0.14996392183587867
-0.1112122356716737
-0.06891792459646452
-0.16407288148824142
-0.023846804190116075
-0.02004531253767193
0.06194447124750983
-0.04367935181680198
-0.06673622919295208
0.08004610956214231
0.17093556525120335
0.1456265185528356
0.11041196345227255
0.16303015589674394
0.060340810028323796
-0.011398600078671065
0.008647996325626371
-0.05200032816380481
-0.11414864406380923
0.09278673278710302
-0.11076320237304206
-0.09809706340122269
-0.10580378625502831
-0.12615199796676485
-0.14037135306484622
0.033301349637870514
-0.08348535443876798
0.056152950623171945
0.042572317222522235
0.12402873634869971
0.11681082301847406
0.15916946879173438
0.11214734934489862
-0.03428255893364432
0.09344913314788102
0.01442736326088144
0.02721562416010473
-0.0664968381267409
-0.07229615416080379
0.04595668338696595
-0.011682608474851017
-0.02814529515178038
-0.15036832794627975
-0.14604736697148277
-0.026505430188171725
-0.022947807865440678
-0.040859599316626374
0.030848980646028982
0.09307348466056053
0.17150761143671053
0.03264963136450358
0.05571922013028861
0.21230254197463583
0.13109356527227856
0.10751346855063652
0.07301722572325703
-0.011079013917855287
-0.01784573088250304
-0.07213723411377923
-0.024108320180075575
-0.05755687347919912
-0.039360605696639434
-0.10739476384648045
-0.08191441084193476
-0.16200433613775134
-0.008292926927996352
-0.09871407048301185
-0.10661999380577376
0.03131034311341133
0.10780082061153873
-0.016812640170832574
0.08617430023561576
0.10202514245698313
0.02796441845205412
0.02657480885008638
0.06666544504412394
0.06032532441898421
0.10839836549269559
0.021427839021043324
0.006264234639781811
-0.08171801225762636
-0.07487951375906673
-0.16793775327806598
-0.04652824913632774
-0.07570510640734886
-0.0034713040650752036
0.006090892542143636
-0.07979451858957223
0.023325876823941747
-0.04970452153723623
0.11896840521049418
0.08362436375165512
0.11505198321333207
0.148354617743021
0.07376777158101742
0.03302573749199787
-0.033925695713876575
0.008763229454089706
0.012239145265246314
-0.10151424573710913
-0.1000727186108201
-0.04056027155016168
-0.06779701986099837
-0.027255476579872644
-0.15033625547906762
-0.0761785822792532
-0.06299898032540265
-0.07163571075136006
0.0667241479478308
0.06547663817171268
0.07930792234301899
0.02250411445436022
0.15694026159614116
0.04828161526264623
0.03725361550263105
0.019821160463591503
-0.03285176227298203
0.0120370296457742
-0.07779165352679912
-0.10310378014881955
-0.04329189509398071
0.03127568968493227
-0.07010131738136074
-0.0863189705645431
-0.048192053938561616
-0.0895781718386596
-0.06546988849646085
-0.015777997973603523
-0.03011590065545505
0.0015885139665217443
0.09646706168798519
0.003376756260558153
0.08427756024616519
0.02268774473707419
0.10177908085169188
0.045448435492479594
-0.11752176857876277
0.02475920430361652
-0.03865425970336433
-0.06288296153619827
0.0166498289584264
-0.22659312361161937
-0.10424115087050949
-0.12302837099095776
-0.042332404366229585
-0.04390303588848848
0.037584770536013765
-0.03196125533559087
0.0009051310751505143
-0.05968293808369618
0.08322113656392606
0.017708547482076557
0.05911966872005095
0.10931835905509378
-0.028737869462339596
0.024570644117396463
-0.008113617134142919
-0.060383551061073466
-0.08101248457866607
0.023965089320429615
-0.08081672492505348
-0.1055523268886121
-0.03298182551070092
-0.0185187616255958
-0.01860448717066814
-0.09138717087489939
-0.032504814654612246
0.03415993189561024
0.15302778521281285
0.08692268372707165
0.059452344549588934
0.059219232548346004
-0.006692050388930448
0.05366758851452537
0.05559895394085672
0.15602564589749307
-0.0902329066384731
0.07404111404086516
0.039388762464273364
-0.0879052729609223
-0.021201127537592828
-0.0017537484889027788
-0.11189025919995688
-0.07240335987469032
-0.06308672048449754
-0.08575930215854802
-0.00873724753188596
-0.03868899732862491
-0.007614986114096237
0.19938077183611258
0.07316110764864446
0.056997818140253176
0.056202393471623674
0.04809114761033548
0.152868095710148
-0.044080164794652876
0.018679391313923814
0.002889909657119106
0.0030881333315545614
0.007540982086698261
-0.021395340160880315
-0.07299463926098398
0.030734254552137977
0.018073394802623342
-0.07407699908097014
-0.0023929474799068706
-0.05661559292609272
-0.15138339806551318
-0.07502458719889808
-0.0065745127864745186
0.04496496378697616
0.05394394529607589
0.10958211308697337
0.046481704998659445
0.12455181232391134
0.09710556212517979
-0.042538456218008995
-0.029856437376971773
-0.049882738261748175
-0.09863225669770986
-0.07864292879900772
-0.024479150222894236
0.047371840983257266
-0.03363501472186597
-0.021332522683306834
-0.05528649426326998
0.023220913939889204
0.07604455186116933
-0.029791175540658747
-0.047687531952419336
0.10566247391547781
0.0837874438960409
0.08021946080026526
-0.014304463189028012
0.1257965068620645
0.06219457248024071
0.041219210906395846
0.013192415709462727
-0.0012031739731887588
-0.04573294403689004
-0.010388047967510892
-0.06778449026765596
2.1815570118821626e-05
-0.07760705254570645
-0.09669065762181753
0.05551899158661211
-0.02406735068030809
-0.038246149512340004
0.04052195414332122
-0.01830185802627944
0.057351053654942176
0.037933501479083934
0.06607786876090228
0.054528784811401596
-0.024185388991764343
0.013133147175459138
0.10045932027712205
-0.04729550717780095
0.01881134911033313
-0.07798496928414664
-0.007863047090337038
-0.14297013949049847
-0.026593039146008142
-0.07763502142578207
0.0038800152745538455
0.012156261664937468
-0.04506634060465655
0.01033664460167422
-0.008434405030605586
-0.05893325486888436
-0.0694034469271471
0.02335642414044596
-0.04166333744030803
0.010756220565142305
0.11247550895636077
0.06474417205330886
0.010211121265160425
-0.10456354501052481
-0.04049755440095732
0.02689284632168592
0.01027012769113787
-0.019437376559831902
-0.0482659820162553
-0.1317450114748635
-0.04728782629299526
0.03263956977874388
0.0634341050236539
-0.008247551182587833
-0.011747088464503766
0.034064707209903136
0.0027223021920502605
-0.017310987942723663
0.03895710990140173
-0.06348810588026171
0.0312066218788597
0.026868726259659977
-0.03508990025564571
0.05077107067283553
0.0053921991952293555
0.06615274312962802
0.004089634824936544
-0.10934991643585944
-0.0391225546908059
-0.026918249990149565
-0.022994587142253345
0.030087442185224484
0.0017753664933196581
0.013757567699930896
-0.05131720992505232
-0.011237357435573869
0.05535318171445157
-0.012312775666565572
-0.009454961252059985
0.13169367527843667
0.0410634921390895
0.041945698224798676
-0.008646624322488038
0.033299842267937044
-0.04147273850510873
-0.010139031809170107
-0.025928096637909896
-0.033083656529327654
0.07850916955201717
-0.10411271649823703
-0.018620117246136197
0.05159904506161779
-0.07512414841861363
-0.0076202758271162845
-0.01420290827196104
0.04149977046999363
-0.03411962634175719
-0.047102667819996405
0.023955586152427877
-0.06176021089080319
0.04118806609185206
0.02025438071626968
0.021520879338363365
-0.015869707750896234
0.0014616252047175218
-0.03901530257297917
0.0016233060268635163
-0.0009631604995300434
-0.05901767702521636
0.017571460940372888
0.041010161851140675
-0.09013469423212524
-0.0699380547934429
-0.023496331117579154
-0.035432169073587205
0.0036751580665838578
0.004014929662048399
-0.0397894406577124
0.06697737991667677
0.017517447722810792
0.06223393901184685
-0.022452678269112535
-0.05183931299708988
0.06591296966257841
-0.06630596347426788
0.015094699138911918
-0.01570664289885159
0.05303385305552747
-0.03010673193770104
-0.009074892244115104
-0.013199295302014673
0.03313933795209392
-0.006067205427599908
-0.016461647662334288
-0.052956793274860664
0.0490802511176237
-0.016996424930115578
-0.05092916097423326
-0.02008947250324429
-0.06870621246301908
-0.023836220279919308
-0.12094672679797121
-0.014998402601230226
-0.10532766616447517
-0.0038662942296014335
-0.059159767733404804
0.007974293683534875
-0.059718815921277674
-0.058156820198515036
-0.06999066994169106
-0.12174418151044913
-0.036675438701708994
-0.023949434073233713
0.053025575970206094
-0.017701132878785678
0.0028554416300816962
0.012528390845343197
0.02625199100912765
0.04537752915355947
-0.06034528541946588
0.06614376265274426
0.042827546393047145
-0.026810253515686257
-0.00692759630247509
0.05260720939278295
-0.019020528597179582
-0.0688668975950136
-0.00563680956683126
-0.012721632905484868
-0.001369877378094509
-0.00919782120095491
5.841711766025118e-05
-0.05831704064646084
-0.057961101024476915
0.05652994621289966
0.039940275772547065
-0.0505539467585087
-0.06122973325224333
0.065225044417178
0.025655864699311803
0.055146184399304854
0.05927759276820851
-0.06587299283782963
0.05391921442249478
0.0013607204613265691
