1000
0.04573792150824298
0.037279681227335125
-0.02693053514574499
-0.035085737790859675
0.05085897713886194
-0.033004859994013196
-0.03559403764890012
-0.0028850979012020415
-0.04078944048039499
0.05880692689581407
-0.07265328794507173
0.015068773260746514
0.040876305832133364
-0.025245960984479305
0.06120775787442088
-0.04437997299053623
-0.002623082676984356
0.006314548801931346
0.10476850627815458
-0.08737780600022232
0.053988706119906
0.00740075444404047
-0.02057170609030627
0.03087988084296527
-0.03612901629377201
0.03356689515357849
0.07683250712600076
0.0387028831696721
-0.0025017147031102843
0.038534026967335974
-0.04958908341485457
0.04176026141012274
0.3266533805754123
0.6283920236100093
0.7654097392568641
0.9445072463037997
0.9752373529471476
1.0207919181999834
0.8475284961285572
0.6657063601065522
0.3199697352846524
0.03518954752639967
-0.2781096264901283
-0.6140052773285957
-0.7166805076329412
-0.843219382492198
-0.921374819296626
-0.8579411816149471
-0.7638979786403853
-0.5570409253294293
-0.24255536993393315
0.0011412104868962017
0.29118338017438933
0.5201971177524994
0.833345535212531
0.8798306650984096
0.8353517459720698
0.8846740673074424
0.733885393861572
0.5354439926975106
0.27836178160789693
-0.049664750586839224
-0.2707263406348169
-0.44567184111528513
-0.688017395741543
-0.8122585785534803
-0.8728119303898128
-0.784011614153241
-0.6197986375002974
-0.5410946247974935
-0.23215945278160738
-0.04859540714104804
0.20348405060204447
0.42672146481005646
0.5183375245188269
0.7706470845313402
0.7734723379949555
0.6975298793173846
0.7277498900739435
0.48981128191225315
0.30351625508464164
-0.014079209253961967
-0.13218470399991072
-0.45089563190957554
-0.5385354620309123
-0.6647494384892818
-0.6371956672235022
-0.7479902017363662
-0.6079779665673111
-0.4755150476427972
-0.22310607536003624
-0.06549594742603651
0.23584662165500098
0.4886278635725717
0.6023276085049115
0.68032913777438
0.8546071009473367
0.5776958402343785
0.5260051260935793
0.4439409744709875
0.15789826501826418
0.0007696291646488196
-0.17573395586217314
-0.3979912785544014
-0.6050277406718989
-0.5743337571949421
-0.6657580479010645
-0.6104421983639308
-0.5001135171179016
-0.3529512766263848
-0.1660593808969123
0.09725069888389369
0.19573406224980922
0.45787819840302507
0.48347736407380304
0.5935657493958099
0.710315820459113
0.632773469721706
0.5142831133057331
0.37222162485161026
0.2322267917748912
0.0897580763450185
-0.19649095886594137
-0.39939207049826875
-0.4455159213553034
-0.6214706686175073
-0.5273014649716566
-0.6225415993012129
-0.4824764540539146
-0.32905220047401734
-0.14431522085122456
0.05598268482389869
0.2170925957334634
0.3685411812851648
0.44460268802260633
0.6772615414556596
0.5622294839039035
0.5272485943140541
0.466228755899128
0.32704733886310955
0.22996169257612953
-0.06725163862600547
-0.18185079631902373
-0.3600715555946827
-0.4659883145758019
-0.5325865341442101
-0.6438420922604704
-0.5875860329103407
-0.4195093526058186
-0.371482144301947
-0.2539463551588532
0.07496782128177182
0.2417360672305192
0.3206534985777902
0.4029292612444656
0.45201467683095864
0.4735513232971939
0.5878340335513145
0.4284769314105075
0.3540382732960668
0.07732366337613436
-0.0023322104797326316
-0.19391414962515233
-0.3689670898451415
-0.35244018473503025
-0.5370590042384517
-0.4814643738737323
-0.4751991057649843
-0.47725836619484924
-0.3411539255942559
-0.11812163646274099
0.025277670163539462
0.07863729359608534
0.2601175709633229
0.5142165874657919
0.38669195616543695
0.4351147872094725
0.4849351462811242
0.3583840436725047
0.3411209055359897
0.14378448145637054
0.007505844810142669
-0.1454315634522486
-0.31185556946651505
-0.40393374850918473
-0.54058561407552
-0.4874847128874411
-0.4708994777772624
-0.30361020069203
-0.2949727232464631
-0.11275773008460825
0.020874170023172347
0.17728311586333426
0.2398472275142861
0.3388029363994933
0.38447800718599656
0.3117722207938032
0.43778101271887854
0.2883290741057792
0.1882316653947861
0.12461537104998471
0.05094028158491549
-0.17380891911028964
-0.258858211669668
-0.3683738092259421
-0.4329745628025372
-0.3439794381190979
-0.4374347971998573
-0.2936419944259629
-0.23650805991304255
-0.1578918473374401
0.04762959990295146
0.10560427807559714
0.20983433425102438
0.33671782606426853
0.4561611900858923
0.37227036572858424
0.383781424533657
0.282526614967788
0.10755080479182406
0.103307151202224
0.10793059601706205
-0.12996349548724434
-0.19873969237369318
-0.24173480180416396
-0.31312102223501703
-0.40918527394154036
-0.29353552405046696
-0.3205982308193633
-0.23368827682901838
-0.16208858127740414
0.03193072160528782
0.19849837566391948
0.18388983662646932
0.4170568997819637
0.22590848890005863
0.3378710616436763
0.2668493155612228
0.30077504502298147
0.21046522610650326
0.0007488368202098056
-0.07371396830705884
-0.12119155814796065
-0.193516970686928
-0.3188959412014203
-0.3190747471721693
-0.37499455578945345
-0.21554826279226028
-0.24195590337240752
-0.07593915697049598
-0.1298582943693763
-0.018819512721407517
0.0974695001142771
0.19753244153734068
0.22127517713507353
0.2689450807636451
0.23805404022835175
0.24831745263234978
0.3240821710002598
0.21257454681117527
0.13145700713721983
-0.03020354347702645
-0.07924991549603935
-0.21193170221781465
-0.14332247370369
-0.24436494176791784
-0.30819526098064726
-0.33667146108336954
-0.2153795348304055
-0.18420451949276484
-0.11706342616433199
0.012706820104772133
0.04334688003197664
0.19031046178933625
0.18875278158900916
0.24155503719791044
0.3182372054258772
0.33720876131335775
0.20974364342888926
0.21483284514278178
0.07594759058986668
0.044922985078340284
-0.09781396256467019
-0.18898583915031308
-0.28227571994883394
-0.15036536004830908
-0.22678252232256588
-0.31369174906973707
-0.291275625529716
-0.22130610040770632
-0.11368154585317253
-0.0354778339350548
0.08391460877303392
0.22270742190265536
0.24169456161614397
0.21691724746882007
0.21965339804453943
0.2281754594036654
0.22808023514156833
0.14570404328542413
0.03996995458885631
-0.019138432527294535
-0.11878213135656422
-0.18324369989179234
-0.22175460685408835
-0.21095216603701322
-0.27302556482190377
-0.2574060577335299
-0.22004652161179392
-0.16636036177588953
-0.09367421444357613
-0.07732457939945707
0.14188735321636192
0.13998497856144898
0.14292919638811286
0.2281883373173007
0.28229038894568287
0.23763127436215636
0.17784812055807855
0.09335294129290114
0.08071841971839001
0.053017336199139876
-0.15810875542234193
-0.2397188058238583
-0.15576878414505882
-0.18064399497065814
-0.26368594444183924
-0.22156372878210484
-0.24567857284394526
-0.06435377809963709
-0.022178953237927283
0.006430365145129444
0.07587342300996645
0.24330582995406314
0.2542507208289983
0.2480516463188352
0.19936337880655172
0.17094896772185117
0.12918034824115157
0.10394527426321917
0.09896143165008148
-0.059016095419545285
-0.0095659571644897
-0.07031086080806752
-0.15993622150072573
-0.16061535999435722
-0.1519000729297833
-0.21758856127952314
-0.1317935672194111
-0.19961016964488099
-0.14032409474396995
0.019645717243085184
0.09993665752389468
0.031045905254260014
0.1822600686118839
0.2254942959891058
0.24756540002650543
0.17308938479581595
0.10003430461710165
0.15133620518270086
0.14181611730020338
0.001586420092545082
-0.12499705898581387
-0.06213332682204016
-0.16324361299628368
-0.18237727081566166
-0.2222889612425245
-0.15453831899539558
-0.17338350197096877
-0.12433836426816805
-0.1704830188150244
0.10577858925862947
0.12193023290656146
0.10541106968127152
0.14906330326930556
0.18175272740061552
0.13845895935737687
0.08548503913737568
0.12266870624928762
0.06732365644924865
-0.03894987957202388
0.07270142166058095
-0.09424438051318343
-0.06734739069162521
-0.07100298496270048
-0.17041968454867612
-0.20469717511005303
-0.22770915342799075
-0.15428601352996227
-0.0789575976880544
-0.005252300433829571
-0.018524891492062493
-0.05362443808776998
0.0928986599567167
0.1563315608367268
0.04107948734606909
0.1396084436439522
0.18838286042827979
0.23488152430501671
0.1253273134272308
0.04903113870840066
-0.02168360391111214
-0.015044922653615012
-0.18718239353658167
-0.19630263595750588
-0.11224997792714886
-0.07775070944536036
-0.22045096651231716
-0.07271487852308725
-0.10811504757016908
-0.060752894598017394
-0.10077810477597904
0.1295232940190459
0.08167467152547614
0.1363900173484997
0.09957671398853671
0.0748845045138779
0.11993379919138733
0.12342531266566933
0.09499567845452633
0.09229010817127793
0.0060998430442038
-0.04306980746522544
-0.13826621101102163
-0.17807833257321848
-0.13678064839522186
-0.13801197145315175
-0.14841509969385078
-0.1556506933963378
-0.12688691137347186
-0.03943026528919727
-0.007363694434035724
-0.0026916441422164122
0.041859016369424795
0.05584716050763998
0.1732650011145705
0.1258449536973155
0.1360272322132514
0.1642002443730556
0.031163853091968105
0.14758914893188615
-0.02972325915768359
-0.007081190393795685
-0.09175177144679832
-0.08275795186034184
-0.1824023532332129
-0.1700794676124651
-0.11629429188148661
-0.11241918212158128
-0.05851905559606402
-0.08573339845522102
0.05356295124107835
0.18055381999030376
0.19102009490280142
0.084571444987383
0.19785460545406586
0.06309230740979087
0.14681767727636597
0.10838404837462881
0.09866261853853442
0.0011689817182098522
-0.011746238894150947
0.014838985802437712
-0.025165754748779426
-0.08632268592471776
-0.07786049825488164
-0.07096302900753647
-0.06910450563780801
-0.09693107358436365
0.060507330486500685
-0.11029666646997269
0.0021675719149747094
0.043563885318169376
0.023345065439077793
0.040324117908893016
0.1395535854187127
0.1216427075653183
0.05857563152437782
0.12269014745074155
0.029508310161500857
-0.036767217685831015
-0.021830752177972517
0.00018319276158990094
-0.08463064520974492
-0.1099804975307784
-0.18999068136048622
-0.10316905417055557
-0.11395079568664707
-0.03652665947837306
-0.0005822403036398333
-0.07774979012691695
-0.019058626118787902
0.040038634662938125
0.027142658557788368
0.056862365517676816
0.2064870230983007
0.15421659478427635
0.040100199346798975
0.09944852822159292
0.034815367449969034
0.02716856509414516
0.04695808862151703
0.006540897920112532
-0.06066839638606963
-0.07689577324783761
-0.09782256144368416
-0.13850453445044342
-0.16474716201165707
-0.04225226644336213
-0.06747813809790172
0.03711630133460092
-0.07691988390200041
0.010454518753402801
0.030415940820659747
0.06238076414763495
0.04861831058428327
0.19265654906668211
0.1440249406659492
0.04851133023029897
-0.025100535819130312
0.0037560829399080273
0.03667455351443748
0.059326826639135216
-0.11272016313921537
-0.004817726934991606
-0.05942980019441725
-0.17085719226917237
0.021196140082807347
-0.07227070363037034
-0.04106200525806115
0.014099869615179741
-0.08981213854842698
-0.005398335861673747
0.033105445099815105
0.037790749803249035
0.020315929711279684
0.15035024135815972
0.07261872429053307
0.031696354284663164
0.060016557447368356
-0.016498670767614628
-0.03684532102226184
-0.003528564614802856
-0.11668599464504284
-0.07562928595283211
-0.17385207147846732
-0.0939609085117176
-0.04363345105564112
-0.1525360958610559
-0.10190958053369262
-0.08273309633811086
0.05000543373329643
0.10961633521858673
0.032354021055591285
0.08587847156752548
0.14451076053578144
0.09335254891737337
-0.04279540407249571
-0.03187966318351437
0.08883735743062192
0.0656766720044707
-0.010362317510202574
-0.045889256308074375
-0.010734914513521515
-0.09712936787728817
-0.03904632862062561
-0.03352017643665652
-0.13533611260514172
-0.09171623370672922
-0.037814873709698896
0.04801649998852316
0.012748649324167933
0.031338819116510194
0.044891725514215344
0.011389778431985742
0.015505055100130019
0.01340161628506778
0.09731303820584705
0.1160063242372143
0.09278278378269045
-0.022870036552473452
0.048481865070456445
-0.009811094305435484
0.011374938887090444
-0.004414142433494632
-0.10469485475520306
-0.10575591412238905
-0.028211571565170485
-0.09268725773597965
0.016940729018177933
-0.025394178830352405
0.0010440572685520935
-0.036139565256663106
-0.043352625016248536
0.10475383099163077
0.05580920288624665
0.07916694622056838
-0.053491402364699486
-0.051198823367419016
0.043538471341390765
0.025579914828624237
-0.03420487291772037
-0.03569981402214931
-0.15645718749356874
-0.019766471178743347
-0.05800190361067957
-0.09973666344594156
0.020625325750095916
-0.06318219256873835
-0.0561605824143488
-0.05026243715665371
0.048684054812248606
0.0546766929598992
0.13458176179005293
-0.0417017336051891
0.07129873036375928
0.030788936938093116
0.09554009484025702
0.046393158200581895
0.0267046347107613
-0.02990725517798803
-0.047119806944742666
0.009257760745236113
-0.05744768951191197
-0.08588673093185054
-0.05497109415468117
-0.07170632252823098
-0.10522298143870619
0.0013908507507406978
-0.046749272595172
0.0041953189032648795
0.0010020799017162654
-0.07359151108820039
0.06858087574416807
-0.019234507530252215
-0.014539846933308197
0.01903299467845121
0.028487006948077077
0.021593127084683746
0.12064495084487227
-0.02316510922614229
-0.005386960470777853
-0.028898927333713464
0.04119124934453833
-0.006834692408650492
-0.001721817371689402
-0.01912219901506751
-0.031000081452771718
-0.04908572472468331
-0.09115219080154768
-0.018798584310595168
-0.06921221074893508
0.04262901943265551
0.045535904333150926
0.0056826482570495225
0.10372104810885321
0.09563966563635165
0.11287492050087375
0.005822533489098301
0.08293358819096928
-0.038156736580999315
0.050398572220697845
-0.11595407019774273
-0.05335167511692008
-0.02354939226408105
-0.03008672301706289
-0.025278836319679292
-0.04300180534989794
-0.025608471189990614
-0.06347249482168371
-0.07799757212029997
0.016284122970914975
0.021587107636408
-0.026205978442567855
-0.00894563909178031
0.06811009716101529
0.10351884353767032
-0.056303370813935764
0.009693257434538406
0.004753043395143937
-0.021701165126258512
0.05168466410192905
-0.023286821961029408
-0.07164136086544848
0.04897650663846671
-0.010500216189049429
-0.008142020533783878
0.03069001657746899
-0.025664963891932825
-0.05409119443180979
-0.09416050691195516
-0.028327186687230117
-0.009007232740449607
0.04770755748971021
0.004186356715986713
0.027274947639149
-0.012997790678074411
0.04784136540358458
0.08750276705656924
0.13972107106569528
0.0821483714186903
0.1151625507205851
-0.01883584500028156
-0.10133919844926118
-0.038791482491605855
-0.07818879012063262
-0.06254855633970727
-0.0618902202698022
-0.02447666802075876
-0.070343142907274
0.030793688369612382
0.038223591882220215
0.12047600547252667
0.03264411870236511
0.0021080607101071937
0.015669753212988198
0.08347627100974411
0.05392657770300745
0.01761633824926847
0.04989018494209337
-0.01076017348211455
-0.06409280975442501
0.027363795728968975
-0.08047811789773185
0.021567105037889927
-0.020632136096143
-0.016490407816578206
-0.03169513717358336
0.09219590900807532
-0.025660483655227093
0.0560001239193791
0.007208472566178105
0.05916137410207136
0.09803779212908592
0.008755278125083843
0.056901516958792794
0.12820381966492322
0.07959860849486626
-0.036032789098852464
0.018922584963469387
0.009128144591819083
0.07876642552338985
-0.05993100596903769
-0.06342601975810067
0.0691858255697312
-0.010289764631683636
0.0018314837266144336
0.03040221973965706
-0.024434342437600093
-0.02516277691898331
-0.032481667530834465
-0.0019095704714233673
0.13707237905476652
0.0007851025421203098
-0.048261642692201706
0.08569116407082336
0.00336312415125287
0.005435790783851674
0.0077982893830451615
0.02132633588957551
0.03286719282621566
-0.0008588940882559246
0.061864801491460286
0.005909165557339214
-0.0039888299591729175
-0.07075545329690121
-0.012930387900067359
-0.04831703550331931
-0.0778417849183225
0.06254799758706991
-0.011721951462559558
0.021951408340449768
-0.030488239140285554
-0.04695387961859565
0.020426151589294016
0.04664150923342118
0.026924028949965564
-0.03952653025790526
-0.018780211685264465
-0.02657985292606221
0.0010740878236360088
-0.056063051482475486
-0.009029138956776454
-0.014677703061643604
0.06552060846004762
-0.036759425814193655
0.012024469387197239
0.0033945878603452405
-0.04354863024031233
-0.00451392880940492
0.02474033646000803
-0.05686028258047596
0.08060090223875895
-0.04775401896377714
-0.00399775573065933
0.07300963392775284
-0.02406245930472861
0.0020662325890382152
-0.022509379818898147
-0.019088683310309378
0.04770325187422783
0.040810688223497
-0.13634389450190684
-0.049103593083346
0.026041258739711737
-0.0023548180979471554
0.02009131109079467
-0.009512581451925838
-0.00652898768092928
-0.02680273861545008
-0.02539697017351341
-0.031585583963599284
-0.016446723501434876
0.005896910879310739
0.06708702057114849
0.05022008745250216
0.025941016812857508
-0.06877864721544305
-0.10308292256296739
-0.09126865956060161
-0.00928114823205545
-0.04589977086649535
0.04401367476828689
-0.04041136149864358
-0.02771110710169406
0.012902417251834813
-0.028200757560110735
-0.05914781907293813
0.033898996699230265
-0.03378600180689777
0.0018633606631583682
-0.05878025242314929
0.0016691812999187414
0.08269935042443655
0.012208679562399667
0.04757129056848551
-0.09177716493530313
0.0018209311540095027
-0.09545933199731797
-0.006931035218307896
0.047798235570914345
-0.0004922377570044837
-0.012132194772652424
-0.13086618659620303
0.0522664640058082
0.038826762704577106
-0.01810250117706255
0.010838184792724394
0.04344148596706297
0.05189531289067143
0.01449255280846725
-0.020449738332347426
-0.019876810858803586
0.06419711701308778
0.0701265314665612
0.027404879810010822
0.013929396036458675
0.054675353859101126
0.0924624634843416
0.09653172155618414
-0.14549122849236826
0.025522643464955176
-0.049362084340962016
-0.020106547515026107
0.013281458942490089
-0.025586353129221036
-0.08474411932157429
0.007332139616195046
-0.008040967274270274
-0.08908362920069278
0.06800147625652621
0.0067540701866186685
0.05770360581436135
0.07645168755093112
-0.04776692886433692
0.029840689197959274
0.09500174487056649
0.019480665183056526
-0.019825917237898075
-0.008449754862060423
-0.049592043201684685
-0.026720431368353725
0.057888889721945815
0.026630987155674076
-0.004218974780642369
0.03741629424433525
-0.006324794609341184
0.04009135951831268
0.022101412214458355
-0.005697984183342646
0.02494285286615791
0.032920022198978924
-0.06092116563364947
0.1438488115870845
0.10840547815460672
0.023270212681897003
0.06925125357319183
0.020565135176632054
0.03676370972495957
-0.04529186385827195
-0.044047415434364315
0.019114109068994942
-0.04422135142378933
0.0434624745154372
-0.11607314637595455
-0.010626845673907814
-0.05621010720881243
-0.054405735355036906
0.05176478727569568
0.0668280197892052
0.024757554551469704
-0.03015052107800748
0.019907562987151933
0.044585109951146756
0.0771987548762547
0.026885677685683035
0.12075433025515445
-0.00467890213178104
-0.009469521755519754
0.018426252821904264
0.013796339428504497
-0.08334769068744327
-0.04870751462627586
-0.003320006764360617
-0.10107404944135152
-0.10414967894414141
-0.05922228017470943
0.014974603232883937
0.005805918259785976
-0.0017238524903237318
0.05499463453908863
-0.027188546888036267
0.010647938942642824
0.0005911427521617116
-0.053643098055444045
-0.0766755841551001
-0.04573332411892344
-0.0014376860555646766
0.07747329757315673
-0.004478720362814083
0.0587199336941008
-0.0408596739137521
0.019674469737005762
-0.06944943028098313
-0.005178563954993791
0.08459619916165155
-0.0001337302101208325
-0.06535329072746406
0.0006472006358349668
0.05816756403747093
-0.0623382564522105
0.0061269236820859765
0.1222728208331467
0.055998615431252806
-0.014865002710902004
0.011755111572409134
-0.020045114123398156
0.05829181642373939
-0.05318764470892463
0.02113813883699401
0.009148961909672453
-0.005911034813135873
-0.031105626762167844
-0.028068160041644842
-0.01480733544362817
0.022866464292510102
-0.04816557346717933
-0.04329597330075508
0.029706662194072232
-0.08987039032026835
0.085639783042696
-0.08191718263874306
-0.02421163843706736
0.01365585603747111
0.0011572774955245111
0.09749123158299376
-0.011461237417701437
-0.015293568318692708
0.05800726776946247
0.020715607744629556
-0.057129673203673965
0.04839547724973757
-0.010053565445700973
-0.02301373252862538
-0.004393887295068287
-0.03480887358347158
-0.0009565596828315197
-0.025797298621145694
0.011481699537141284
0.06311337536459577
-0.014307227416962094
0.014213924843339446
0.02833684816910954
0.05936834394959435
0.009396201498860748
0.005625133968460782
-0.010634103286154752
-0.021375385108339886
0.028192554294804533
0.013637011115520233
