1000
-0.04977443088918534
0.05986125194313108
-0.007029775950566215
0.09212086314595047
0.054697560823290296
0.0037062867188166248
0.018168048847394213
0.015661839328004194
-0.002379560972907339
-0.04088478699604869
0.05198239173229844
-0.11202476879377841
-0.03618150075308885
0.010699011507942197
-0.006549641595710001
-0.046831072165895
0.015204895068720648
0.010095579086075866
-0.02835167132167178
-0.023403615373861084
-0.0238763721464646
0.011565678444332952
0.03910470701206721
0.073792477864708
0.009781052286380498
0.061087266386389866
0.05160529516941729
0.12488610072174677
-0.05594739978119915
0.053346111483604956
-0.05102302944334611
0.008389801550934868
-0.04313228059804201
0.00728806056788517
0.05336702860260109
0.01659951004726105
0.02997055814937385
-0.028204710915108528
-0.026488545927626297
-0.010765525779932446
0.030988320607534293
0.021785415344775592
-0.07724183496148497
-0.033743068352996015
0.07047783031060671
0.022912617341734606
0.0026642504959301363
0.02785710083031311
-0.0011056601569313681
-0.0020967034581819625
-0.032281468229532206
0.015028502100471115
0.0028651491742796055
-0.06894160455796076
0.005287993689566294
-0.010302676571093433
-0.0286487913182686
0.014424296033449621
-0.03634788700634536
0.05111402637242636
-0.08923240851070618
-0.019902047179594484
0.06418623511890957
-0.027010082774975575
0.16604017414955322
0.6398928714939193
0.769809748688735
0.9852802457096712
0.9534132971623459
0.876448738842597
0.7374889653709493
0.5706456689509715
0.23587073929821661
0.04735377681224221
-0.26607161424570114
-0.5562529656804663
-0.7554626385617111
-0.9505475043113234
-0.9111437269110847
-0.8621515665009343
-0.7917795925693552
-0.4907684634625186
-0.2493196912336552
-0.05313506207783845
0.2293962360658866
0.5640487778743143
0.6903077475392078
0.884919922501987
0.9155796338752813
0.8009177746622327
0.7086440817619524
0.49758528193353213
0.2512975557727814
-0.023419766035203102
-0.20693308239857142
-0.5242690725713399
-0.6069271607011126
-0.7970432933687743
-0.7928425182010107
-0.7878943621372316
-0.7114594243217652
-0.5106721917404335
-0.2541385907579318
0.1368881806705928
0.24612187892005014
0.5329112194354598
0.656584045166758
0.799309885802992
0.776561017500051
0.7695138305218925
0.6464717914546557
0.4391404585813414
0.27454344871057096
-0.05023223772128599
-0.30666263361556517
-0.44625727173386337
-0.6756773156500298
-0.7487281063477117
-0.7418218547337271
-0.7180492287147204
-0.6318220650702782
-0.5418406322592937
-0.27224011132926795
-0.01963876257631588
0.24310135789364706
0.36750842280135454
0.5798990907724744
0.780692828880049
0.7118926810025034
0.7189951247466538
0.5200387776886861
0.47248139565810643
0.21221752208732292
-0.0011979768992361997
-0.19401445277787857
-0.5358309946044263
-0.502755357918215
-0.6679704746789135
-0.7819901416781037
-0.6655041167819357
-0.5056554931469783
-0.37835303029349804
-0.15330522497722543
-0.03406457098474934
0.18324038885901672
0.47422609596131987
0.5309977878382517
0.6778784318257698
0.6348591791837753
0.6850568480980831
0.5272414863849929
0.33558752079178644
0.15697758980474913
0.017342646672324068
-0.2056607853109406
-0.38529428573226066
-0.5190847750597561
-0.6026666036772099
-0.5776204366789589
-0.5668443656139799
-0.5520138752041395
-0.4234381951046051
-0.22995151478274567
0.08572239640051148
0.20839624558458386
0.3922741450122807
0.4211244335963575
0.5362620659885883
0.647444868235158
0.5887681338316841
0.5324061114518729
0.2420642183886006
0.13092229558259177
-0.04040885938791846
-0.18046390834784257
-0.2795282902856666
-0.46332218057555724
-0.6065511008100152
-0.5312482595553657
-0.5500273060154727
-0.5247763873361494
-0.27479913827538116
-0.17936058763104906
0.01998799156220268
0.10064803223923532
0.3271841390032041
0.4397257095356535
0.5687000788764818
0.5291700891796637
0.5351916164973167
0.3385141133089053
0.29884574902328925
0.13246345609345117
-0.030555803317553684
-0.14257654330689468
-0.19206604230317664
-0.45244441351119136
-0.5339226858629653
-0.4581986704893378
-0.4551352804761433
-0.3497797813767527
-0.28091792145351235
-0.1889664459130699
-0.007506449038017142
0.17995436433925724
0.29596215388314645
0.37587605311420214
0.4364849683252305
0.4401551314325202
0.5018252560599061
0.4374533847936541
0.4196221535276131
0.1595889677932043
-0.09023057025895156
-0.08393853502860035
-0.23686538033688126
-0.44285567194127706
-0.39745155044530145
-0.45638857494282614
-0.4225041696943516
-0.42262999301427395
-0.2815155133341228
-0.1433580699154983
-0.015172941348553187
0.1847478631156506
0.26921923767593126
0.34996745168321997
0.34417784792716527
0.4642862884174
0.4252143612241843
0.3992401756453231
0.2522197001408208
0.15562107589246216
-0.03956598226646928
-0.19384066133954245
-0.30009827956465485
-0.4072451263537851
-0.3914624133836239
-0.43041838287958684
-0.5258315405512164
-0.32470942413774
-0.2680240397611951
-0.18552314867394767
0.001861114617444002
0.1752031479043427
0.2624753285913745
0.39697700440429123
0.320724656512279
0.3424399560768053
0.3851920988477586
0.37837821511834097
0.20540607112375173
0.15763874166118125
0.018569305627645725
-0.15652273982655732
-0.2596024133218107
-0.3538585948350131
-0.41333753373474513
-0.47009627642993534
-0.35635556726624135
-0.31110066124640384
-0.21210446049735823
-0.19814497886172483
0.06865037129788397
0.05586308297580496
0.20657817483941157
0.29547791326171224
0.4244855115880483
0.2866799664192597
0.4392975532944168
0.31747784610084756
0.35095324597145583
0.09011902842180328
-0.09730262179551853
-0.0779323914517743
-0.22059447692241793
-0.3358346496766268
-0.34682728195555884
-0.3756989175998069
-0.2997695874578424
-0.24523311765413625
-0.22745130070597513
-0.06221287150459995
0.007216571415605008
0.06631426307826155
0.21321570833042114
0.205824859954716
0.3962074623984554
0.26480655216639426
0.26632240610062846
0.35975148621794534
0.16321656587835803
-0.017738291000525527
0.08191826475705671
-0.17080916715247677
-0.1671354356974561
-0.2595996276512416
-0.33204397101688327
-0.3238224864670529
-0.2343170443223655
-0.23718947446593303
-0.15569156509551307
-0.13746435227787268
-0.06993419227636065
0.07547869530166487
0.22792045039372372
0.27122788443846435
0.32963148772791667
0.37834674222488884
0.29324031425188235
0.2702801434670433
0.1782905454886585
0.04085208470620906
-0.05990485718550489
-0.042487999729871585
-0.1571916123571001
-0.20182817014761
-0.3299130855203194
-0.33850532302721176
-0.284874243804948
-0.15190399479546365
-0.15649532594954946
-0.09782232811549194
0.0406908475423331
0.08815621752761682
0.1303700420180845
0.13395430820635723
0.24575773938419831
0.31783128868159194
0.27733621852796136
0.16853845580369226
0.24848718694453148
0.0626969632715112
0.03647750414641403
-0.07054480331543961
-0.1288485418464247
-0.23044921379015737
-0.27097700338022446
-0.3104856702621897
-0.2765170266171465
-0.1641827627192225
-0.09270551125596697
-0.061137754859873314
-0.010963831219785085
0.03524659883134439
0.13274712357211294
0.09696275998452686
0.23420338777842997
0.22722480097686826
0.2724100652569813
0.20046005584655366
0.10095868878038453
0.09840280262515728
-0.031069723758013153
-0.18189710254514158
-0.13486366533911928
-0.18596808802989112
-0.11224535757620074
-0.22108218221915318
-0.18688210807453057
-0.16070697928126554
-0.12555804707820947
0.045137360017958386
0.038392836900483375
0.09682899394106127
0.13142834082094057
0.1879444629307362
0.22596491468639138
0.2660843202614878
0.12916816698037098
0.1479610047534323
0.13119873795016562
0.17259475491113116
-0.08382837783086826
-0.04923312085020884
-0.11340121047891742
-0.18469179985569717
-0.20612704938178578
-0.2801148456183069
-0.22425692676636108
-0.15664201555593876
-0.11982349969733544
-0.05461283955905287
0.015252738566380743
0.10142730567259736
0.07465704381527002
0.04965474008650199
0.14920650554336534
0.13021537252228346
0.06920619680932752
0.1181598545805253
0.1221469672654942
0.009229257105138673
0.03083062690275089
-0.10323748973445293
-0.15614126598738254
-0.22791205305813161
0.0024482983928816593
-0.2587580960492969
-0.09857890514879927
-0.1607137529923534
-0.07351555846449101
-0.029141919545551728
-0.025159563900115013
0.01928499460265992
0.16085557119830923
0.08124444749060324
0.11299496292552912
0.2436266878011562
0.14286801306186483
0.06993986799051581
-0.01522360643038019
-0.01344295261386684
-0.011742465267810667
-0.052512993164368874
-0.11740983491256532
-0.20512879030463255
-0.15405476563872764
-0.1601293809566661
-0.2048870018403884
-0.1444814659801376
-0.07051573585714214
-0.20730921859134824
-0.09023888779902806
0.062277084199616604
0.15501861432432337
0.17734795349316196
0.14848196113146964
0.15950515124316952
0.18973233333055553
0.16585753645769957
0.08706654577483276
0.03689539815208782
0.030079301686814896
0.08073593661524239
-0.1786171896367178
-0.13748815534763675
-0.05188540427962095
-0.11812632117286613
-0.2160133614091404
-0.1350614726607667
-0.08900195122853843
-0.057539859699547655
-0.050395799940503895
0.07353187842198011
0.0968556770884449
0.0057031587233802306
0.1267174832014041
0.24399323990329028
0.17112574720685092
0.047195700343950375
0.040804806485439604
0.10422902872761083
0.034782905279341414
-0.047650528838645394
-0.0007342586717079269
-0.16388992690040882
-0.06532572507152822
-0.17162402537601848
-0.16112710723128398
-0.13135049892438633
-0.10758528738525658
-0.044737303240586904
-0.007195766268309161
0.00024511807133661273
0.16860781637838862
0.12405390364451203
0.12175800426930952
0.07726656732900405
0.21982221265707952
0.050155429804482975
0.1664931917877317
0.06139090815855832
-0.07176102359181724
-0.06042447179575054
-0.06332910895308709
-0.10360409159322588
-0.14780784463790433
-0.12595041173341498
-0.053899435338891535
-0.09232775354510298
0.01434497196470727
-0.00976269775340555
-0.007173860937080999
0.016269552144598843
0.08680197626869532
0.11684697515728816
0.13398232058996773
0.06475753491812063
0.12285049365890345
0.14766638992455575
0.1256283361598845
-0.020021625550382324
-0.07270021118840043
-0.0644780301721021
-0.1709149230635395
-0.11803958534799297
-0.0827940113498977
-0.18353906109065635
-0.06270661789293874
-0.1257367910509843
-0.08646381367774231
-0.07276880627071106
-0.07139195271590829
0.0061259980393758365
0.07465287806419552
0.08967775038471745
0.10977923660015353
0.1523149297119049
0.08160723455352833
0.11616837283457737
0.06192718989046317
0.039132491186374255
0.041436174636903265
-0.10667249728493941
-0.14202718078868648
-0.07129935666920903
-0.0929276636357519
-0.15553746740295257
-0.11348471822876903
-0.1037870194292521
0.00970052453408897
0.0076151305053473554
0.115297399365816
0.032335902406652045
0.09548173399952233
-0.0019416669066176367
0.09047675102609178
0.20015149380245492
0.16585215073572088
0.09201358189087132
0.12065903517956458
0.1273465753584075
-0.01833792299282124
-0.07276971547747643
-0.04432407427821801
-0.09500072837433003
-0.06315209381566486
-0.07095455451385749
-0.05851513656201099
-0.06991815596347296
-0.06718705176796809
-0.0074484163478202685
0.04206437131228584
0.05436795557095825
0.02190183512339074
0.03385144489543679
0.1294695515820895
0.12420238298869343
0.033199184520682344
-0.009097153291348956
0.01901886559870907
0.053413236505124764
0.007206677726973606
0.006455302993325467
-0.08915850596052852
-0.03429738790113722
-0.09014753084222689
-0.08581265169683398
-0.11226372148075629
-0.09281200429618552
-0.05159422957432747
0.06858373269226922
-0.05970552134304821
0.028361248183141993
0.01938299561988852
0.09286017956283131
0.14225816072310027
0.13023692780829169
0.10664069343209807
0.11281020129693212
0.057062067214941434
-0.023304198530116605
0.04867537780882257
0.051666956104776604
-0.10190160429034345
0.0022081615104983104
-0.11187610722981031
-0.030270416199419503
-0.15846137656363848
-0.1464411906735854
-0.1149452368688454
0.042906256119571023
-0.0678565896088739
0.05123722920574279
0.10692237823710976
0.07722587835195663
0.04044707224158221
0.07412639186513284
0.007329872402968646
0.035351400310968575
0.04327343707960982
0.01463394479435313
-0.0403603776540268
0.01364062976023498
-0.06382843801932643
-0.03544692568121804
-0.023203099667628756
-0.08311939207550006
-0.024777756953942735
-0.10447462962490148
-0.05543231160025951
0.021065453476975422
0.07038442807022187
0.11922119450092161
0.03841713026349958
0.15056546972445917
0.07083312309539815
0.05678397548274941
0.06130212810289531
-0.03090024476185768
0.1333369399304023
0.006366742136069969
-0.018879779184166362
-0.030345002283624356
0.059748983382413225
-0.04271605840947991
-0.08598169360328464
-0.10129478262695336
-0.024224546244555042
-0.05935370923407541
0.009675885271483484
-0.1235487646728886
0.00982675971882772
-0.010417428246788166
0.01871283343497464
0.0038581008711866677
0.006403805319651984
0.07881522100399982
0.016120845502731407
0.1587830809093463
0.001147705733787488
-0.049847326416423206
0.038133266182243504
-0.014588677825567746
-0.04828091130071958
-0.12907267970116448
-6.47051280210989e-05
-0.029633950508161908
0.017487656101846855
-0.07007321247593436
-0.04806329448748571
0.039450124972598616
0.02030545889785254
0.1435524197475727
-0.048594100518995924
0.028346170072205572
0.05472495052702925
-0.0016242635515467813
0.11621206312685127
0.08091159053911073
0.10381740749140597
-0.040968454188736694
-0.003987319084030549
0.06010786654072889
-0.025734968415317853
-0.018269629203992437
0.004980438815136656
0.03192164773245845
-0.02863334691243275
-0.02162279999213824
0.017866914856287854
-0.11660391896285838
-0.006512071522056483
0.04203941492818404
0.028189870563782384
0.08450110788767376
0.0759094360973919
-0.004577100312970692
0.03162070047028462
0.02452951991540714
-0.01190351219428426
0.01565124736749675
0.03540465524152252
-0.026360660204011885
-0.016991079564901326
0.0462080583101058
-0.02148938330807357
0.011896253147900042
-0.04463125436674623
-0.07870748835318048
0.06708689756327546
0.006599213429415041
0.07878557464664612
0.016350267509962685
0.06946554343092526
0.12083061258527944
0.015567530929246523
-0.017295094918481246
0.021532898952359943
0.04810493497117472
0.0031095446210103288
-0.07452325604166758
0.003080575611259948
-0.11962410676259443
-0.012719472929581376
-0.02356956971476665
-0.033919505779479414
-0.07627941099584494
-0.03173247395118499
-0.06618062310434186
0.05296260534124749
0.03024427514284385
-0.023477864872327774
-0.034026882343636045
0.0929895864413163
-0.06221783059409804
0.060992198661189205
0.12964153273214082
0.008756862308101309
-0.03542347842510539
0.10042969464238528
0.008768918310131485
0.05655922414381382
0.04747426974925624
-0.04560542681621259
-0.022691741604392583
-0.016358877586938273
-0.06136511457348839
-0.021885628675263176
-0.0237907169312903
-0.07080966629370819
0.061448204814832603
-0.07492419174569429
0.024960792503345028
0.027939013581048715
-0.007717544059795113
0.015996700218051614
0.05184018819932437
0.08465071874227287
0.020892042143845144
-0.03671601753211526
-0.039449569124971814
-0.0064272301744435715
-0.008130650858254722
-0.07913863411077779
0.00672852249858398
-0.022526284806762394
-0.06430645032501828
0.022769621053535652
-0.027508741531204813
0.05612431478063513
0.03528262629326158
-0.004867582288985461
0.05276578204369714
-0.01563728793076586
0.06638332977857667
0.01368236549516836
0.05812157872072499
-0.029958362624678964
0.053196002362251624
-0.04680676536639032
-0.01673520128311074
-0.005892296921939623
0.031827690173261716
-0.019604066517113064
0.03721818893089829
0.08901114126697932
0.016137909934138772
0.005400882266855794
-0.049109761691550305
-0.06703574382534466
-0.03610997730165708
-0.07045119390767306
-0.05407895713421553
-0.01165337143089325
0.0032565537159988667
-0.0068251004298244475
0.04921556154543335
0.11372681037727891
0.04217582932155569
0.07904538750758544
-0.012250088862531145
-0.013850844091116388
-0.06292771734637823
-0.02151791036092649
-0.05255951527059309
-0.02281754833881275
-0.059601808654401
-0.020327924184998236
0.008537210434723646
-0.054352138087416554
0.11521465908564897
-0.05722444160896916
0.07022416722076626
0.08401876834203045
-0.017362285111131057
0.010396452164296553
0.09215202603099357
0.034463985696680216
0.0681858009382244
-0.030015119713084654
-0.011891956479789797
0.06672993254540624
0.08908207899612222
-0.038866740415667726
-0.013420939269441727
-0.03542465153304071
0.0010578689811021787
-0.0391376456352028
-0.015788232262542605
-0.0105058170798723
0.062179757836577136
0.0898984683695607
0.04320507738216928
0.03399329520170863
0.031089480440642914
-0.017942988620537188
0.09936700242667926
-0.08946224117878568
-0.009720557943698017
0.011880185400782978
-0.05455444263567601
0.035376054755609884
-0.004130785804380964
-0.00613991163691596
0.006611853782966529
-0.005148458356752594
0.009395382324070545
0.010739093774112467
-0.07724265131642054
-0.0817936025042831
0.09213980923083613
0.08711047169849245
0.02732777772327213
0.05900569589598465
0.018039836664051595
0.023566874374107573
-0.0346402506626
0.11231631251196192
-0.0738886420638192
0.007392108433919769
-0.025061574313510335
0.06314489964319478
-0.01909467737026003
-0.07230788872579212
-0.07174095665339389
-0.013470661452023053
-0.025248787707856525
0.019037906400348737
-0.11666049711779078
0.07601303121042607
0.0022787707961019026
0.05490631000034913
-0.050608490604683504
0.021739692647716802
0.014635690796667256
0.04208942901666403
0.08478315922062042
-0.0169022729570923
0.015729923259246156
0.01601539130282025
0.0670296347327752
-0.021714758705471543
-0.043692848346363895
-0.04050392415966881
-0.04213956142138395
-0.07024368808419186
-0.024699739979016224
-0.07044039752072885
-0.0373988503303343
-0.051444854765526064
0.05634414020574952
0.09258913855460126
0.05599906163472286
-0.07160555363275743
0.0019359207414872404
0.021791837813102174
-0.07222848462704758
0.05364169953905994
0.07957560559646573
0.0028883876160324083
0.018256763215130933
0.0618724414864921
-0.014571935006023232
-0.0008712735136274553
0.008099255544563356
-0.02151196066008684
0.023227506114419805
0.02577535674658067
-0.047083724867127544
0.09365842029107677
-0.045339078240104476
-0.016846820450115572
-0.016385683640253723
-0.07148706455836103
-0.012237601011387482
-0.010733760388738715
-0.006761983668043189
0.08372818371881881
0.02254714650507739
0.007654064725122595
0.12206365000639485
0.0801422651187327
0.022114745558670157
-0.02903086946364245
0.010201782995649541
-0.04070114032871942
0.041208026811897794
0.008773404196730181
-0.0036039748306468805
-0.08565464165261485
-0.1420844411865997
0.030982069775958108
-0.011650394146074144
0.0014773747159586232
0.06007484815950076
0.004556037146905086
0.03508108475761751
0.03346579707899536
-0.03954184895657987
0.0010399876276132557
0.021695875638196943
-0.041226150344174574
-0.012128337518666703
0.035517389157596974
0.15645819706215308
0.03184050121634212
-0.03056669747960101
-0.032549404091507736
0.02571751064859471
0.028333497070087567
0.023826619474046674
0.08774289708209548
0.1564219014319085
-0.06036007941896304
-0.06506331287967132
0.06894094426419561
0.033321902907283964
0.03174430620897349
-0.022778268641018458
0.012761038345768635
0.00286967754529395
0.010584269505679785
-0.07737271324857979
-0.08476201718981738
0.0433450479156039
0.04072301104636975
-0.010543661306106487
0.022155278160101086
0.046959190554365274
0.010889514270619481
-0.010410692928310225
0.04685561514842424
0.05781148427227876
-0.045104584551198534
-0.07319211481767622
0.04400988621925414
-0.02139035637618935
-0.017033257864936084
0.05732851230114196
0.005581104579735375
0.042435001702215515
0.03220685074110463
0.062450593421583975
0.046126335533735116
-0.038514209713448426
0.008043095595220814
-0.0442275065497031
0.0886030517995095
-0.06149124918157082
-0.018762585820766238
-0.02096183318821359
-0.044022674154752715
0.03676656654790048
-0.007968463425945049
-0.06340928291995837
0.07251131951232924
0.05816329557587421
0.1013588629444277
-0.10518132252596657
-0.015043226570942914
0.07058514603541916
0.022714043680177293
-0.08993214170764226
0.09876202837787629
0.09838061990908008
-0.03819433765791326
0.07054434192625295
-4.971373254950701e-07
-0.048333016532253595
0.013920109530763402
0.06380516577282161
-0.05398614972875365
-0.002672616433288746
0.059434262211623796
0.032011715987418726
-0.038722085436589226
0.027046006603631344
0.09325470163615408
-0.13423055622862204
0.04861763802905181
0.0943058428669532
-0.05329851611994968
0.03310372477474402
-0.04901826699433166
-0.04421836713068488
-0.06793651457388633
-0.06764836618097378
-0.04549637709865854
