1000
0.06343772856008965
0.036803261573648396
0.03409888894469336
-0.04522157028762542
-0.06487269805531662
-0.0008672551897068554
-0.0035162713326245183
0.04457436729470854
-0.046865681172830964
0.07004563398652205
-0.02250762990973454
0.009526024826386517
-0.022419066897085265
0.008445352744173854
-0.061504026242318245
-0.040489508912515175
-0.021878861271712464
-0.040945770518931134
0.018689490517138207
0.013096582322917216
0.04256756258277827
-0.09726462981859513
0.020376190584263047
-0.02866143026313794
-0.08221540070540834
-0.03627383382415471
0.0345837979444152
0.056236972559860245
0.04004671903696813
-0.07825135874284217
-0.049445865550885426
-0.01422327357539206
0.013670690536955077
0.03999405101850079
-0.0014008829121400785
-0.07944017171656291
0.04180049521963864
0.11423552288672643
-0.042157954018295474
-0.05569869292952389
0.010315951820771004
0.003466885537258282
-0.014762110947195487
0.009851712139775978
-0.02782900384474988
0.08264450557810583
0.06698398011477327
-0.0679244342966493
0.047347036683944216
0.057464345768116744
-0.03655195732970367
0.012420781344262527
-0.046987080033614674
0.04158573838525268
0.023187100445846858
-0.008106974686252467
-0.02821719651533123
-0.012392624882322458
-0.035136454626240536
0.1122525301316863
0.07529440766967674
-0.02160405847205412
-0.006150619988832405
0.01819422456758091
0.03471313018691406
-0.047446080910593755
-0.02467732222121323
-0.021657429010830766
0.005496034227793736
0.07648835627161645
-0.00960323303923123
-0.07519409244098313
0.06527690732274084
0.07265128957766677
0.08451720238927703
-0.03443711392083707
-0.05440132213046799
-0.06654564584606178
0.0057761358870411445
0.021968862234160502
-0.04203498722640592
-0.009904734813087561
0.01969365052647992
0.0754817131985548
-0.003706135813859068
0.117600216112955
0.09424361570728773
0.018053577699587767
-0.09200404965885879
-0.0361389846463604
0.06527033772781836
0.09779432557457977
-0.021432577567453703
0.014457452594526325
-0.017382999071529275
0.031102784450482247
0.01475789572014099
0.03937285503894136
-0.09125516784660231
-0.08930262132999744
-0.03276552776349368
0.18147664969043167
-0.10210927952511571
0.014487228057776795
0.0036351340091115404
0.0439222949202045
0.008869294994967919
-0.04092872959440451
-0.042869192503552894
-0.013921479277913446
0.008816131207966888
-0.06890892160230826
-0.028731432027177307
0.04215482029453821
-0.007951289512785576
0.09133889961499508
-0.07637089178062852
-0.008956459639880947
0.006013219274724885
-0.07337805597445135
-0.09199507859480052
-0.06826731661217568
-0.04411296019760758
-0.05655174239276633
0.0834707137126171
0.05614402185557921
0.10181525568704251
0.009852734907418456
-0.026519564597050405
0.012005325796489379
0.03309202753125932
-0.06266239688936297
0.0452713252285465
-0.004264654490238605
0.02734264572582669
0.021428648535534146
-0.006060522550396049
0.03424471278494311
-0.024622252932594752
0.020155442425394507
-0.00013820807010916174
-0.029355996400242165
0.05109236823552985
0.04533747793376303
0.007682427637181447
0.055320765708358415
0.03261373415255763
-0.01568709551817769
0.0025523699406088986
-0.04182945618769654
-0.05409823647749484
-0.007898062034475782
-0.0013973336753422422
-0.015848307399615177
0.02460577648655445
0.017810641687351584
-0.10019592067430541
0.04640725643586332
-0.009806674847469068
0.03419393144596645
-0.010774024260396075
-0.02584003206053257
-0.051758686271023015
-0.044696854714393906
-0.09954589942810359
-0.015722917321985736
0.029739362138921817
0.027497138271861784
-0.0156742269761422
0.01222085475793803
0.020997866142199593
-0.05098280442614204
0.09184496781835633
-0.1021639799175754
0.00362577109520156
0.02641287820941801
-0.007262958346200947
-0.05350869158804507
0.11081133967077023
-0.02409876417520157
0.001791576426377309
0.06946463197217681
0.01287389396476562
0.006068897011915572
-0.030749814162258627
0.05256407787670691
0.015752025933604516
0.033906347215798764
-0.01749882596053883
0.007146534940790414
-0.0024714110443255417
-0.018172337906260813
-0.04204029996367695
0.07794145078451238
-0.004542903253314499
0.023703469393834768
0.1326734758835689
-0.02188607589294359
-0.029475292474183203
-0.0022371627025390504
0.006497277685070037
0.3164717344105159
0.6722247291305765
0.7678073196020321
1.0042108784028934
1.0016546957051085
0.8677397998369724
0.7910865359271148
0.5972923245179945
0.2585433692974258
0.08642600610942992
-0.3442628029616357
-0.5755061311083758
-0.7422869972480831
-0.909856525683233
-0.9142288291326622
-0.9227465009466793
-0.7264462165668786
-0.588664016208658
-0.3933971992177237
-0.009314519991629888
0.2593210362454106
0.4895475312446536
0.681295686161827
0.9152198628068954
0.8841643937280276
0.8845166048573199
0.6698071839932277
0.4999743738705975
0.2629357304158969
0.04244874653381188
-0.18448466901824428
-0.529792329345486
-0.661894785774554
-0.8326563763158452
-0.8627779856646949
-0.830457997250451
-0.6386189908760156
-0.47745518240578316
-0.28143347599189183
-0.026563625990108728
0.26331005181280975
0.5114492178759049
0.6337392476812751
0.8430237446348794
0.783618554625565
0.7241260131809937
0.645637712417926
0.4298274952983706
0.26619636099845995
0.09491412480505564
-0.23439277030292155
-0.5199741806377094
-0.6194036288089507
-0.7632677567416831
-0.8499021830754898
-0.6482302961039957
-0.6019574940866977
-0.36220400100014033
-0.23541703728776317
-0.10313875679051696
0.2672837993064353
0.40547293517560734
0.6177325844248368
0.7071539211282927
0.6868107390513799
0.7436223759097795
0.49999720558855704
0.4148613730027977
0.21693715782970951
-0.011568910305627803
-0.19351518806000015
-0.4042961356355089
-0.554601689404879
-0.5765636388414632
-0.7013813852093738
-0.6460346471536835
-0.517087326823051
-0.3764283313511529
-0.29012057827447113
-0.0265807839973561
0.19371057138256892
0.36859344657617127
0.5663734103802752
0.6169895407054442
0.675327841657377
0.6526674751376476
0.4750516952972257
0.3277673920030434
0.2072115274686548
-0.05157925313278124
-0.14318746716327913
-0.4298864927270456
-0.5268648733092441
-0.5511836176280169
-0.6193281926146392
-0.6484543234001083
-0.4682976699548051
-0.3677147334405079
-0.10634679290846775
-0.018057776409910103
0.20291820986986
0.3884828500645923
0.4728968416208618
0.6090783668829741
0.5772680369752086
0.5060321101870681
0.5363020734536283
0.38387059977247584
0.16312493222174787
0.03320243210466411
-0.2775323511030125
-0.351274859659523
-0.4881395430329493
-0.5040972652505616
-0.5388026300120459
-0.5865930020114333
-0.432034086366741
-0.3009864637112243
-0.16884876791969403
-0.030793864683162076
0.1358834842201542
0.28621893919481356
0.3961958742241618
0.4844561494430459
0.5332391103599916
0.5581066203787466
0.5274692065783341
0.20396727632682626
0.12091068982057313
0.08518961732525539
-0.119933725157358
-0.2993367936011856
-0.4877169319658724
-0.49650243845747616
-0.5714586477981618
-0.5089296757368005
-0.4591892084457512
-0.23969619361873057
-0.14107043763282304
0.01235753597596855
0.17697180331184412
0.27073041599226033
0.3642688155876235
0.375690018789587
0.46545794578278255
0.3615565923703569
0.4290630297552751
0.254714038212948
0.15567440628233267
0.029545793651610718
-0.14377407112503154
-0.26512776073802347
-0.38266538418230345
-0.433324756449576
-0.41485992853891596
-0.46198765698948024
-0.3849507532382896
-0.2303226159637693
-0.20059035732195526
-0.016439348278254776
0.13106180679166007
0.21212452997356315
0.42333991576632224
0.38155082434796617
0.5371259548027749
0.5434577623129603
0.3944061802314535
0.18784891166989381
0.1599519561227473
-0.0845173887018834
-0.18259981718456664
-0.21754623031325904
-0.3586740907952851
-0.3367435818405357
-0.4855430462717676
-0.3399619831281468
-0.2804809009383342
-0.320488950042603
-0.060765651863115944
-0.024732222219387343
0.22674624793142
0.20288676127677752
0.3630056829530802
0.3998989045292386
0.4113256452257294
0.33476871637213135
0.36736112888050376
0.15511303307262303
0.24353497176649264
-0.0667579221744573
-0.174678995822318
-0.25411964866458586
-0.3289575740064941
-0.4463227676092477
-0.44898357239415215
-0.34634904733187816
-0.2239725139676975
-0.16134169613101895
-0.11988457720278699
0.031795233454809224
0.1560269012022715
0.19499433852753995
0.2697111479548703
0.40408249312942396
0.36828753527341407
0.358217557455611
0.23958629661767156
0.21204471155398202
0.08532389315600937
0.005900746825025948
-0.11562258698023274
-0.1985793083457842
-0.33278994190300354
-0.28104304400046565
-0.3492466620290449
-0.2583322643830639
-0.21932991685296638
-0.12985802685757425
-0.1654756236118811
0.03391432510536741
0.10711020991160959
0.14073623696662735
0.31018919289850144
0.1735406652336977
0.30963686759037246
0.3502444912659108
0.3240227828442047
0.36244279598290635
0.10599643758965453
-0.017293603792780304
-0.11967399366015351
-0.16641077801435095
-0.23167413644242305
-0.23370087388175365
-0.29551576045333566
-0.3739638228682996
-0.25528788337177544
-0.19558289242769922
-0.12314037884818005
0.056708749256097625
0.10694027307438272
0.17975364641228572
0.16856190334119334
0.3147670105821748
0.28959879773674535
0.2729917813286524
0.2538512015141911
0.15942944913203366
0.1223863776047128
-0.01764725301807262
-0.009926146802592198
-0.19164488999583443
-0.27143338619810076
-0.2798732340777085
-0.39416459050470687
-0.28463843637956243
-0.2578004869337175
-0.12357020588017711
-0.1099015644617218
-0.0006415784707964958
0.04837486536843682
0.16115155619626922
0.1344379166189072
0.28798114802755215
0.2092968604169671
0.21177633415876004
0.24801176123875002
0.17573902148945675
0.05341465815815728
0.07029910814302269
-0.20042184053294826
-0.11724932416401537
-0.15456926576611008
-0.24567459308657846
-0.3085489632045191
-0.10232750558601833
-0.23865297792724044
-0.18620028261448568
0.0062181614190653794
0.12323092260994428
0.1183648513430125
0.14769223933978454
0.22110651855948338
0.1647960393366788
0.22810816861471375
0.23349403258724655
0.1995550335842154
0.13423638143114397
0.06221909728829356
0.05077499530169421
-0.006008955441120886
-0.16886683223166246
-0.11436115827887684
-0.19288475996608512
-0.2424880411134516
-0.14762878512121608
-0.21366514197033082
-0.12812922671539473
-0.15020815337832277
-0.02239992317070825
0.12308333228136739
0.12252980554087568
0.13438887726466797
0.22331667883218453
0.19619157170543744
0.12526335866361288
0.09911120295513055
0.125791292934426
0.06856406697979336
0.05742171062008047
-0.09257967725355676
-0.057758215177570196
-0.20004916972861653
-0.24494578528658553
-0.3047349654980902
-0.2378766968081108
-0.18484693114226927
-0.083774357328078
-0.08060779872010995
-0.037050579358848326
0.010838587532501831
0.04920595393278604
0.1145325311519343
0.1954342730624593
0.28780630858339773
0.2777871132809735
0.11622196894005404
0.07795693966218456
0.02918711719770736
0.07733185121650442
-0.08305149104654984
-0.12820238419836505
-0.09072488822474437
-0.20229863112060759
-0.16264128338290676
-0.30136774658500587
-0.15973808397687345
-0.0929099709308939
-0.10065104503998805
0.07260446496215009
-0.02326998688449932
0.14418471018997658
0.06793385083482936
0.20670839550838352
0.20796235174859234
0.1409318880956171
0.1896425031914818
0.08356957069540918
0.06154130424154196
-0.06362130287167293
-0.11905563232112976
-0.04543278105834331
-0.17470799412292376
-0.20764227585346243
-0.22199116590190474
-0.10035247285824336
-0.09111698282624695
-0.08830412687579386
-0.05458431680553357
-0.01733863942909281
0.011190741600871204
0.10975858889925003
0.13355785402805787
0.13365699046560725
0.10203167011890646
0.16715304507456918
0.1813460572352768
0.14639775368041028
0.03673733632622089
0.06515769800990415
-0.06588170481330356
-0.11549912907824897
-0.12711869914674745
-0.12936372803061125
-0.1686995485619611
-0.09741197086946905
-0.06410809133978812
-0.06736504978842449
0.06647944117659282
-0.04437513564659747
0.05301949620539714
0.07652736565043329
0.13389988447533074
0.16174742291093153
0.19795738379775518
0.15448721865775222
0.08234977181718825
0.06452396643255232
0.05566328791857971
0.012328129597640096
0.012628479889237168
-0.11970885291563255
-0.1058430930011046
-0.14122504501940442
-0.0850680460190531
-0.15497689658084873
-0.10456000356450654
-0.11582734567794425
0.01778125980607951
-0.08572559900289739
-0.022539417876634542
0.09005221017888386
0.03367722516795056
0.11031740979041149
0.055051040147109195
0.17890540498661364
0.12547533773536318
0.08674046107453601
-0.05878151595009793
-0.022375959328850326
0.011859202385736844
-0.11794923766648496
-0.10858459880287252
-0.0885658893941528
-0.08572472575265272
-0.10588125576062173
-0.0021253823468996014
-0.02468032845803793
-0.007577046305796836
0.0649884232093041
-0.009865870381264935
0.14104492922365264
0.1553129740548926
0.07720600306383374
0.0547479889549682
0.04694928575958178
0.041522726295683654
0.0033373166500710455
0.034306127137252646
-0.014173143330737754
-0.021051077573697237
-0.06054458969782834
-0.12464403954044426
-0.10683454864006323
-0.16559354370521256
-0.07088658089437894
-0.19568387233344248
-0.15090279259898493
-0.008505880638430007
-0.03180121833374923
0.011541569240561239
0.07547870409627953
0.0056329494787677875
0.13709499001279457
0.1356372985619707
0.10130773854395189
-0.0146214333647086
0.032319763864341544
0.053520798157773206
-0.02630188161651552
-0.11205328329780964
-0.0670096852147084
-0.12143589206147246
-0.11056323405467101
-0.06198028148348904
-0.197174956446122
-0.0001031510849383438
-0.022945952001909825
-0.14909300435083042
0.03857562971285257
0.03343546921081861
0.08194968422371748
0.09316414446463153
0.14517843811367992
0.04205076725265944
0.03502196415096746
0.15217469900476485
0.12764224327425783
0.1045685434925148
-0.047519158632549546
-0.07128085293479193
-0.10107677545880742
-0.17740553580960677
-0.11717226135626907
-0.1906786559399275
-0.12010559035273503
-0.14319271325321067
-0.05288072138558288
-0.038140025488297584
-0.02645998511842719
0.05601942449508662
0.016017337904810282
0.0647808866744274
0.11929889472486876
0.07015591398737389
0.0392362216122444
0.10690958435107704
-0.004526358175840489
0.06962624017561402
-0.09754817980043419
0.08884384980421589
-0.07074797175707953
-0.13172921675738425
-0.063892212812023
-0.12171036118389214
0.03454762323081981
-0.10200231807066193
-0.06198658131035264
-0.01682354246613613
0.05827835082106056
-0.018944101844139413
0.03742589771575169
0.013025514537358562
0.005702823519215458
0.17572118620377608
0.08490125159272989
0.058569700137256105
0.03870835778191487
-0.08192052695588077
0.013170755939373646
0.037809227459583164
-0.1315017213849345
-0.16459041836356905
-0.05966562236323942
-0.13737493764279282
-0.06874769560832229
-0.03470128789544788
-0.004552547775596313
0.0014111944769284526
-0.11146442351926358
0.0634674669139591
0.062085649638707115
0.10130711221448768
-0.004677055436318439
0.05032228262290922
0.1275129576539144
0.05741170275228128
0.033891370329232506
-0.03304123640906448
-0.020552520956592282
0.046730609774891026
-0.04106624388636433
-0.1174920171219346
-0.16586926216682588
-0.10351252415204643
-0.09033427665168399
-0.09457824277842301
0.01685794793763916
-0.0017054013823378893
-0.03667040188413256
-0.011548122556168865
-0.005522443834565592
-0.015008549981223071
0.035649550873838864
0.07023964628140886
0.028778575049438447
0.09913061688763562
0.02125229277779659
0.014771350014395862
-0.01742314195008688
0.030219506108450325
-0.07408261175121988
-0.020657308609067324
-0.0966297394168184
-0.029398156024712338
-0.09683477026351729
-0.0392885016722233
0.03545535957835183
-0.06587547890423585
-0.025131956483924755
-0.025360480300224864
0.11055003261034166
-0.008093821240149256
0.06377933098306479
0.064761328480675
0.06214375715420293
0.0337997360324872
0.07288392026979298
0.058346722371755415
-0.03897118797580124
-0.0736777221236936
-0.11941587364426738
-0.017162256545284877
-0.07025616498573019
-0.012317210849610606
-0.04607368455459158
0.024712469511093155
-0.049585837133632266
-0.052077200541730276
0.014970757528974013
0.02814834919130569
-0.02461278454381243
0.021558810586784775
-0.0011196921193683401
0.09579007174339413
0.024960710623051583
0.08810977705265313
0.025997451476670187
-0.050388691873601676
-0.052109821785617835
-0.0610778037194621
-0.1096592754446951
-0.058986574435931305
-0.11019006780118025
-0.04182580879785805
-0.06384047492601899
-0.07808480336379
-0.05267495030086122
0.022779285675653134
-0.008385532393389803
-0.059225700691358206
0.06662263394228429
0.009951000401199606
0.0666470044469761
0.0034539318648015155
0.11467727359787729
0.07080606495940917
-0.020216882127059813
0.021519516831060792
0.029035803979961108
0.023245319697481653
0.0004122924548195933
-0.13940806205136985
-0.11185379796864808
-0.04056316774367024
0.00997569427752898
-0.0312194929035847
0.02672408177378978
-0.040022837263905923
-0.004545396964543903
0.029788273585594324
0.024418665490851442
0.08877457058025011
0.027150292307500143
0.07352327793658778
0.08634430989381553
0.010036200367115153
-0.02219989298435417
0.02843193214047779
0.03843185396840229
0.020212999330911266
0.03328756258042173
-0.02122633541934299
-0.03176951084488518
-0.07847403855778026
-0.13787902669119184
-0.030443406000806826
0.05180974018858727
-0.03929891379099639
0.05982058101650311
0.04524665169268359
-0.07860542776908797
0.01458202051062121
0.11621751774173819
0.037355425724488925
0.013481296538751207
0.10334603507930946
0.04545943509864847
-0.03556201338474263
0.0032468229578245062
-0.0292091179710277
0.0060106158509109844
0.0037063031661196157
0.021170855101634474
-0.15752990746304832
-0.00464266999655508
-0.021277361817149607
-0.032641789858194416
0.09129123407489095
-0.07157360237450969
-0.09651683929022743
-0.02499655576510957
0.011854307136735739
0.013837377689046138
0.00599047031248081
0.04274500855662674
0.04767849485492111
0.04688892188436773
0.03444366715857792
-0.055213096068864306
0.039660419300703804
0.05475041390204862
-0.06722110851513531
-0.00783169329031233
-0.08707114757902269
-0.1152802541353295
-0.08599547839625171
0.03097148933601912
0.003206945649206521
-0.03409057497715502
0.06706829359806937
0.09826878871683822
0.025275880801447916
0.03540747461389215
-0.07243417810223296
0.04807319403978186
0.10683735646967557
0.01576397371619588
0.062008761427365
-0.08873737581084709
0.011511400823731303
-0.06014464878589638
-0.01619710916385797
-0.10989397506645397
-0.03123495199044898
-0.0287762974527627
0.02897197778342963
-0.022522365417820503
-0.010745787297630706
-0.0656414256463466
0.03253400726384382
-0.04613057624676674
0.02213511140354035
0.09093127905868509
0.033310323193489255
0.046264778414274746
-0.005549396654775968
-0.11235796967363608
0.04706235077653722
-0.08589781345765457
-0.1412020952896583
0.05275950060965015
-0.13658356616232922
-0.08037695227546739
-0.03476812515518105
-0.04271051100519943
-0.017582036524947546
-0.03770063598004926
-0.04412181146496269
-0.03193967349676831
0.0599557653773705
0.031767570066372486
0.03625911181747274
0.004926765494021539
0.09104875245794766
0.02016792563680033
0.0012629647842432971
-0.018132441461071194
-0.01416838477835032
0.06943531135057265
-0.042980036058438933
-0.05370985841874498
-0.023269081820513994
0.017160345450093626
-0.05622402812371743
-0.0397972227495549
-0.07058688098853998
-0.044937384289918
0.04028611664944278
0.043532991346094244
-0.040543573428984105
0.07545215511617737
-0.06666286334658406
0.01023060878409813
0.12192389936308687
0.023617612645391466
0.010692722277939366
0.10136992719617942
-0.034647766584819994
-0.04195017609094326
-0.0531986722562358
0.028667543411365
-0.034840019031708136
-0.04236870131943629
0.024372159901056876
0.017912899832921853
0.034716484662309297
-0.0028959966632056498
-0.012515342493502855
0.017367510198980623
0.014726960178333956
0.03106347388971563
0.08652944939855016
-0.007378268176216736
0.06373211890910957
-0.008846049007092748
-0.03594776146188279
-0.03665065924830726
0.04795488720516369
0.024180682549387718
-0.013855463311213508
0.017595604142361762
-0.033182296727672006
-0.04031834682269872
0.043751325602974976
-0.06565933610153943
-0.0468123594882308
0.04965892944259619
-0.020404860741048567
0.008144241471932502
0.03272000030467371
0.09440223458319996
0.06853119298722102
0.043552953887177184
0.09715341127945505
0.06154671546278803
0.09063800318119386
0.04561182009047132
-0.03523383048424638
-0.0018391482987312321
-0.016665882707476688
-0.007250068823732122
-0.004538536818333071
-0.06769651746132431
-0.03993039410708479
-0.013211291483803596
-0.025749860957547967
-0.05106257628472012
0.04727736845554825
