1000
0.10266748757934259
-0.045956581221297046
-0.012685088812579121
0.07281841771904436
0.059216865919282324
0.1058222611113585
0.04175958152742655
0.04995703511095039
0.05359237669644491
0.013668387722446124
0.00984479755827447
0.07330809516782853
0.05671031811572437
-0.00973463884775232
0.02587666729323126
-0.03756800482519318
-0.008448610027806815
0.0690207356745367
0.006281478926566393
0.02723058333870634
-0.003046552844590365
0.05008590335968806
0.009353108566911848
0.06747699830788366
0.0541819578782761
0.026597308259086207
-0.03475036368095607
-0.05750227444371985
-0.009476403263357067
-0.023127835818064324
0.07054224828458998
-0.02969877087428646
-0.000317053153159305
0.08686887912069569
-0.04778926469046456
-0.005813794292310445
-0.013654837822592775
-0.013090036431738047
-0.061032244081767884
0.006853753305851529
0.012109350834238485
0.044077451330625926
0.026887783815761075
0.05605945323120787
0.053290434454944885
-0.037152143955699025
-0.01053863190002131
0.03468847033546881
-0.0480373711939018
0.03670379959945224
0.07214205856724774
-0.04439743576515301
-0.018228001592229117
-0.027333433793208774
-0.08731568445484333
-0.033433251416865845
-0.010710318371479144
0.021966099001863366
-0.025305296983275397
0.09655544785908574
0.03240926282178253
0.009212021333510956
0.057121743692490935
0.05089002367351142
0.01662857232454209
-0.1578274999924384
0.048355643172600965
-0.0014392436172951575
-0.05990059639816168
0.031209084340807658
0.005009166933180352
-0.05025152606287278
0.0016957222131643041
-0.0055993601021973516
0.030599280941033404
0.03687663368890653
-0.06852761265680521
0.002681608810581129
-0.001761428592779333
0.04727443533692234
-0.11488828732778095
-0.008886034870504147
-0.036549906527656786
0.03513153135812456
0.013121457361684491
0.3730795033450884
0.5486042603200343
0.804591818587788
0.9854240966678822
1.0355214404723836
0.8825883239365578
0.8078903888456057
0.6074706028394279
0.30953361214392355
-0.019732226960827833
-0.25466772571788104
-0.5349420118091752
-0.7448674525984897
-0.8325652035667267
-0.9661735210049233
-0.8427730213003348
-0.7330420188546497
-0.49336820434320816
-0.3571069979356979
-0.0073806884122262625
0.28647351149201944
0.509727068679749
0.7144717017975735
0.790442934912207
0.8042578194099828
0.7569228737932542
0.6660732270869782
0.5584499301676168
0.26806304280857823
-0.013241092475160142
-0.2697822166859887
-0.5197998994144699
-0.7305361375098489
-0.8091324315473152
-0.9035858185376369
-0.7278453003762043
-0.6450533758810352
-0.5229711357581986
-0.2578329943332426
0.030941669795002097
0.30460459010563756
0.5251529709916603
0.6213735526668602
0.8298618926886248
0.8005747273556466
0.6738973214232205
0.6790103913562957
0.4456568450346244
0.2398311346034212
0.0013922923773685405
-0.2864318467600637
-0.4778600003648782
-0.5929702034290306
-0.6185545564266428
-0.7907323980024636
-0.7206529976814617
-0.5944340621905259
-0.508691143228791
-0.15789882147722656
-0.0007032048258059097
0.30013932628350337
0.48370351397370004
0.5370192873976711
0.8090599889064097
0.7156580924728722
0.7049977739434964
0.6100871193493786
0.4499210209327085
0.21134666125279222
0.03467989465514131
-0.1989147359192816
-0.3961218894232513
-0.5448278986764312
-0.627812115238876
-0.6794546513765819
-0.6286063149547404
-0.587291607726087
-0.4030828838314284
-0.2770656924930835
0.09349393807668163
0.1663732493699372
0.3948850798842201
0.5692454585075133
0.5782468781443706
0.6960865950756445
0.5736414710507347
0.5817740291651938
0.47455899602695945
0.16193910205697584
0.005900110679608921
-0.16767520877869097
-0.3512567348180275
-0.5208114238201573
-0.6432630858157555
-0.6654007803748476
-0.6065483426238479
-0.4753890142451341
-0.37979377373476153
-0.12148709554262946
-0.06050725301143048
0.13609663467892874
0.3891358519776906
0.46319473396549304
0.6757630351785094
0.5646326082218899
0.6488274951686273
0.5437287605524832
0.28512681432957754
0.115004731255978
0.06587634222260666
-0.1395338772636049
-0.4240926128805409
-0.5023373441088407
-0.5510690209506739
-0.5673845892990442
-0.49007723213074644
-0.5144162050976667
-0.2692673492264827
-0.18897031332538497
-0.02882653086430517
0.09214203260569179
0.34461842522582686
0.38457266260517636
0.5292060423078123
0.6210868637429502
0.5776996242414588
0.49021172535080587
0.19326501268093452
0.10450941920847508
0.00964648520012818
-0.1359613642296268
-0.2438449998985074
-0.39933064082617364
-0.4960796743654681
-0.5538660715847156
-0.4549977049554105
-0.39665071193578805
-0.31047849435591585
-0.05807855716450469
-0.018202498716562026
0.2080788339151235
0.29253133442057777
0.3546857172626478
0.5087585052032788
0.47760839515376496
0.4408315922170885
0.4147696740356587
0.2674332369105457
0.11708777761706396
0.047974327753980486
-0.06389258334752915
-0.21141173671328184
-0.388874455839996
-0.510749543967032
-0.5706740253327158
-0.48142364977119256
-0.3889229612621677
-0.3587791163567586
-0.14995979455012717
-0.06397722988009667
0.043486482519645486
0.21592541217935815
0.46841857259694564
0.3908165598831278
0.4867026337640616
0.4894407194841894
0.29684570600953586
0.27545435871129614
0.20118801041318612
0.0019029339784027083
-0.13435853713860135
-0.2486464404478353
-0.41632900718436094
-0.44436787484390977
-0.44680387895643703
-0.3994274731586588
-0.3537294099929164
-0.16581887263644174
-0.16092022574813758
0.074918788731221
0.07580089179899105
0.2115396489922758
0.4018590902729933
0.3886842955848558
0.46094643160507065
0.27696533058681067
0.334395675263277
0.30051607785060913
0.10382162693803565
0.006919373782230661
-0.04952367905292045
-0.2567359651631618
-0.2640920943267229
-0.43407687030023895
-0.3938994490952348
-0.27081554907174354
-0.28522474697867833
-0.23343506312521453
-0.23415452251340513
-0.04438229754945601
0.027303339057419898
0.15302028055391823
0.2930187865306753
0.4002100308507578
0.34242983471616556
0.370675568273593
0.1879757918008063
0.25755083077974256
0.09386118726640964
-0.047301104426706826
-0.04949514895336471
-0.23436781403639154
-0.20939915957979288
-0.24892993066693378
-0.27645461640606145
-0.22846610019992483
-0.3683563428505672
-0.22011877124816884
-0.09267443358806038
0.006585968980540474
0.08760389433672996
0.15616185945551558
0.28625187245046946
0.36497163525086007
0.30728914177139177
0.3200657972615732
0.33003377985854815
0.26216956604599706
0.15875737407974444
-0.08586633215759013
-0.15391887738530516
-0.2132882475246628
-0.3096170681647039
-0.2907729999786021
-0.33695625271143176
-0.23587722364572009
-0.25983988460917845
-0.17697146527080052
-0.05918231158914576
0.0010709549767154657
0.034128687625288145
0.18366922240831254
0.2772824461913471
0.31402437220454216
0.3128391563940844
0.2405201386409093
0.24687815455138595
0.1882531232535794
0.11291124550498155
-0.0374661720826028
-0.06932668812674261
-0.13058707752302545
-0.21941202532279908
-0.26251973651971117
-0.2960797132480284
-0.25878206582639085
-0.22473439131862452
-0.1776083114777402
0.036132616180052105
0.020110610854893497
0.08597639702487647
0.2659003022319505
0.21856699262559814
0.2430450760717821
0.3001801070354235
0.1391806446786889
0.24073468641085585
0.2152798269208414
0.022769823387869113
-0.015227250149940958
-0.12088905515667026
-0.1678211550164866
-0.2307036307734746
-0.2893437231438988
-0.2597388330098194
-0.26063264165194033
-0.25826670871605145
-0.16725667132444155
-0.0006450876180814497
-0.03267044058614074
0.08567948248656775
0.20465615414732008
0.22164677315869968
0.13755084507857762
0.3296847975697568
0.2212532892317626
0.16542828390354947
0.15911753300932494
-0.0024404451178391684
-0.02482831514200091
0.015076502665660005
-0.16424346251833638
-0.1428551623221793
-0.2178005931660417
-0.16438766459338716
-0.2796642119267421
-0.14266373278246586
-0.16073830660754726
0.001871139387632198
0.01937992986569117
0.09149816623580452
0.01381193603918146
0.1846483932471138
0.16799580960262278
0.18139031390625374
0.23606694679762658
0.22949493033852414
0.09511760716899247
0.0162936645957045
0.018710584514554287
-0.041608418685831136
-0.13184206329274237
-0.2167694728168731
-0.0299151459682242
-0.16446855361905566
-0.2719244912787718
-0.15047648554633067
-0.1703134316784351
-0.09941925204476865
-0.01433142879833247
0.0835168241052517
0.06641345606650165
0.10700250934597633
0.16043707976120383
0.11767238879608435
0.15701207118712232
0.14182519827690435
0.07561468821180597
0.05833738860462566
-0.011814778616895878
-0.07914558041766676
-0.137607952829641
-0.12044368803850716
-0.0934793794723935
-0.15710347372310396
-0.2290714961369372
-0.14033881186714278
-0.06487540129352051
-0.07201603572795094
-0.06930430679845495
0.041700702415298004
0.08734468444614447
0.15978952413634184
0.17090845623916676
0.18007454974596915
0.13029066859378927
0.059365539106733756
0.14179024663568035
0.12821071170600915
-0.014658385135170562
-0.00893142924015708
-0.171430330539529
-0.1188720325065929
-0.18640209574498287
-0.18592373650324306
-0.21955275248307332
-0.11717248422888688
-0.06679385463711157
-0.03392567266451267
-0.03034510916677309
0.07500221817250584
0.12069299410011325
0.23673682384911698
0.12119291627830212
0.10004157256822985
0.10396013445147212
0.14604021319579585
0.1095557057960729
-0.00040645724579383563
-0.028625490369455657
-0.03074239809739713
-0.06117652756975315
-0.11961719636389696
-0.16986044963584007
-0.15747414096053472
-0.11760379793255071
-0.142830927825375
-0.03734375915012516
-0.07423335507599718
-0.0206922083649099
0.08980268502538273
0.1783479293973138
0.16907023976026744
0.15665907068996987
0.05332760051312496
0.16092090596851955
0.22046904009378612
0.05385841433654577
-0.006849107562434516
0.008352822605844397
0.0064213064004966305
0.01750380461550989
-0.1281644532750214
-0.0817832341356117
-0.13697949685057959
-0.03202635191178688
-0.11593966416292895
-0.10954326515963295
-0.05004466318572361
0.031068824130812696
0.056887841687467806
0.10729756246072997
0.09992547130438145
0.14434938444016782
0.10868051887125907
0.15665040516954948
0.1208840398696782
0.04675554603226185
0.054187084360928756
-0.035130422783758074
-0.10501889816500398
-0.06380471651021623
-0.09749047726192642
-0.15673981796975253
-0.16969578123945364
-0.07824006359456576
-0.12045098981110433
-0.04944649793574103
-0.032007882996264524
0.014179313291753955
0.07324990417228332
0.10320209366083447
0.06645235616616622
0.10228586759289009
0.20452094008616895
0.15730926764476055
0.03660067561574177
0.08441014710835062
0.07858876536246537
0.003473094876397326
-0.08617960770242458
-0.047680163386719834
-0.14084864141845133
-0.09618033887143998
-0.1409542484943461
-0.10915318373676272
-0.11628798090630063
-0.12419588100914714
0.020938424014373465
-0.02100939256891443
0.0565915901207674
0.1400733237863349
0.09111439526628588
0.17562756244073352
0.04244026629429912
0.04299344548467888
0.09300220399022946
0.12383732959332698
-0.006464427898376458
0.023432638060456316
-0.02323283865721664
-0.07775782597790525
-0.14961640167322104
-0.15039974110730414
-0.052204814118059197
-0.09493911132858449
-0.19870640572859116
-0.048851756734117915
-0.09009568133177562
-0.023156121680603912
0.018620992467370673
0.05108433649721563
0.04350095215185871
0.11694510894224891
0.16301336754791745
0.10838044892295101
0.04219315318821126
0.0002704917010249164
0.1237923659376038
-0.04488339255276987
-0.11330465631481501
-0.08498041041204617
-0.10592516998237037
-0.08992235424425235
-0.033878615730695005
-0.07947101565740473
0.008008683332662178
-0.04694659563561197
0.03121250265489113
0.01350204405744234
-0.055870207539627306
0.0930680415084762
0.05229320752073291
0.10865582048171102
0.10883844732209667
0.09887541031665492
0.09152423700461652
0.03970100021310996
0.016102918159415634
-0.026245722351249258
-0.09422508074485263
-0.13143669451889456
-0.14319724891323915
-0.09245596962347563
-0.004465540245371505
-0.17976508256943957
-0.008218225531336776
-0.033811423449976105
-0.021528752985723664
0.09275763698859367
0.08449033566236419
0.03095067653286545
0.075098942967489
0.03458116181555929
0.13089270888593613
0.10194687412942453
0.12257857305338338
0.05293373781872826
0.05904873323696093
-0.01866587336414745
0.038990780538614725
-0.13428173221371814
-0.05355843058244783
0.022598253204503926
-0.028566436348429397
-0.031199772764788365
0.03019998646982345
-0.08062529659935021
0.01444380062184909
-0.013748455831522712
-0.03186400792715914
-0.003924468858382664
0.01345868779588176
0.025861924235489497
-0.01900407039942724
0.03225218390576786
0.0867135974186666
-0.006191703417792453
-0.006401373116156819
-0.021416185265036664
-0.027610688445591003
0.011287646418713333
-0.06746628313817833
-0.12343159983903401
0.014101645139251745
-0.13788187469633228
-0.05313572839965448
-0.019832593133588605
-0.012683116555770967
-0.012766151776207236
0.0017287532104516938
-0.00362856542511409
0.09578967238348074
0.15109085085266044
0.12278357931423711
0.08952295088686978
0.027508074546739134
0.010345342063024354
0.06840636955093413
-0.12084401152469179
-0.005082330166209771
-0.02061156363578653
-0.08801255867638234
-0.04962492060892658
-0.047867361655862306
-0.06440167466469641
-0.0012721465249320996
-0.05428197717035747
-0.046113555019536734
0.0353041853997057
0.0369158339526595
0.07773378131415362
0.03782749534731669
0.060957435542467464
0.0054743100416820775
0.08683234304813532
0.058158323006035746
0.02113782723808648
-0.06456432569559425
-0.04666816070848288
-0.011214517775790661
-0.038284633529352144
-0.036836510942949305
-0.01930483273713958
-0.02888636018139643
0.016155447535065662
-0.04708367067922131
-0.0667851469702237
-0.019922211079977672
-0.018300348017263997
-0.022552747757504626
-0.022374837111018932
0.0425223234044191
0.11976619500935913
0.0552251482303945
0.014890682348317398
0.0018737406072680263
0.1489203721375292
0.06010817650343232
-0.017279040566794024
0.06360334019274103
-0.05911705305250027
0.048485169163811785
-0.061535016066538696
-0.07329590223198636
0.0041856009075024805
-0.06452310081880797
0.039038674700646495
-0.012209012323737379
0.005751175555855746
-0.043347462459011894
0.03207712277564405
0.011824868794973974
0.053755101597819724
-0.08657184559761356
0.004271315298320991
0.08597031716936107
0.050953928956364275
0.04234272614407317
-0.019050663854686935
-0.04969090986238418
-0.06973534929609354
0.08886978415945357
-0.0989664050027872
-0.001720845891426473
-0.1828007026080279
-0.08872362529561353
0.018496649757016495
0.03566547033279602
-0.006756457962654215
0.009340266929978473
0.024139953098669273
0.09921716894929972
0.062108319808284726
-0.00819612606676011
0.001699555612838674
0.09334712740237751
0.012227950923612146
0.002948620470494271
-0.023033280986044128
0.0864723651672065
-0.04395153233636627
0.0032512429375687185
-0.09669372136688145
-0.011154646321203544
-0.12040505516849892
0.008409233790909576
-0.07305599746401145
0.04965950930176741
0.023196313161491556
0.055054062860157044
0.008231875220959965
0.02555903747789303
0.07782687902560315
0.010328324708648431
0.12471587917868784
0.0466595269055585
0.021855559222655547
0.027799973734738616
-0.025213024172707255
-0.09899032569092306
-0.04321508172490391
0.03585828152205628
-0.1403409414388697
-0.08142254307546751
-0.01609350193464898
-0.03235549736826574
-0.11368003772542462
0.011403637377232618
0.039921276162703946
0.03041742840907148
0.03459092494381051
0.006742712147979873
0.12342454423479053
0.07986760215912957
0.003626295256888998
0.11503845372009838
0.10443579440338849
0.01859443304565341
0.011679876035702686
0.01120813748992377
0.006766037444772648
-0.07361820943610058
-0.0780684890794937
-0.05554520287244837
-0.05757995565611369
0.0071685285238532945
0.04312358193814555
-0.031077707513674294
0.038239463834578886
0.04745787214280224
0.007437401265333899
0.08564665209157094
0.014316343501859802
0.07357897704754218
-0.004772889238314572
0.05873437877577127
0.10233948356640557
0.02043375941574042
0.047495329123097986
-0.04262116884248386
0.0028990685021118463
-0.07985926046783186
-0.05717319833341779
0.04395605263166834
-0.02213369086198603
-0.04205014628397739
0.03968077407733828
-0.01625013110035503
-0.03041284261595829
0.05696511380004642
0.08533665627928075
0.04370939656252196
-0.041358278870279146
-0.005409621156370101
0.06767828757039852
-0.02878339046234547
0.04587320688713843
0.005902567430510259
-0.05148975109994747
-0.05720472355718691
-0.07475731086065567
-0.029131556610417268
-0.032406651222643086
-0.039832608898889545
-0.10178106906300519
-0.0661919922302049
-0.04372327837403754
-0.006955389302917147
0.061195213399591934
-0.09008632564664798
-0.033349105067794454
0.043771340648028685
0.057611563546746826
0.024286531548314
0.029047379558192903
-0.0343433580017803
0.005799212692589196
0.028644585016600478
-0.06255710130375301
-0.04132949531794115
-0.04216839904349559
0.054951823630676896
-0.10837625284144695
0.01444205197539146
-0.030072387173918278
-0.05553744355807874
0.015715799607728585
-0.04319005447847029
0.030655922785204046
0.004660243333866426
-0.01699863790243142
-0.02905188500214035
0.044025660915025425
0.05388198912561548
-0.03402507225259696
-0.07167506564288857
-0.04140930315939416
0.032932360965344895
0.03694855250932396
0.005112617525537164
0.07855993069327245
-0.0005259467781531142
-0.04004634613136034
-0.048290810448461105
0.008816070590278165
0.07965133853512847
-0.053281102385109205
-0.025951021640293552
-0.0024305967357591326
-0.04959569651012723
0.07617460712073872
-0.046132525291242954
-0.05057938975758973
-0.06342092755720112
-0.014584715802740126
0.16600805794745185
0.0053642893480803115
-0.029447488524049572
-0.03819010313600676
-0.0586551459795027
-0.0594706259290255
-0.058755480870919585
-0.01658187336347539
0.02396131298003753
-0.09680652085580357
-0.015119335509945672
0.017161026515462363
-0.045872845655057115
-0.0033207661895130825
-0.004933505863991854
-0.02311017203839532
-0.022044089196749564
0.10531922055109894
0.04816555272804135
0.04022359258846832
0.01858600886068506
0.05599428118281485
0.12399973659423465
-0.057407744020167316
0.014125612798918767
-0.05273482639904621
0.02350802704770477
-0.13859267602364408
-0.06939182970569449
-0.05821578798620279
-0.07585167066680636
0.023055430712925658
0.09246051868949133
0.000460363783287695
0.07181015650406172
0.007150823052314041
-0.018201440568814804
0.015575861563532462
0.07856665388629239
0.03810985221224544
0.06716540116342992
-0.01714693266847212
0.027966094092163014
0.011836998166794835
-0.002396073835749281
0.008327786909011065
0.019270019566836265
0.06239226720841931
-0.011628659770128717
0.019250023770244144
-0.053512413659063174
0.0021100112394999843
-0.00033775105759339605
-0.019833687436261137
-0.02755271730051507
-0.13840796094489988
-0.03792152216368422
-0.06971088567325741
-0.05316641506316168
0.023804255363247068
0.0112924930475817
0.051040655775820204
-0.05152586250611817
-0.06785228236440165
0.0633749262982734
0.049842691507507274
-0.05453828721850774
-0.0002716914161580847
-0.10131017206088233
-0.032782506649380976
-0.07981468824003558
-0.017036098535402392
-0.006346971477055024
-0.08976958936738448
0.009669630507479054
-0.05095116102302057
0.01632706626509479
0.05483028137877358
-0.006215015337383683
0.04931798945538664
-0.021863506705328398
0.03630271766652887
0.007780271510206362
-0.10970067631086856
-0.03664518286521877
0.027968485309052094
0.0017993044021889538
-0.06376913514094436
-0.006767574558994189
-0.04559071389456145
-0.01756423899717369
0.009103844386696638
0.016331044281074843
0.09817891960211798
0.11214561859638371
0.08609230702091503
0.03172736796236305
-0.04775720139080537
-0.005238569460619763
0.11527506148898507
-0.1231339859852426
0.06552486706104843
-0.013185372891001091
0.0446142387735586
-0.027119091893215513
-0.02773519538790038
0.05972491844370437
-0.007112314661296936
0.01141006418286771
0.07521811360630234
0.050710802168496695
-0.02507986207563024
0.04798771337545908
-0.06656856505945413
-0.01432370917346682
0.045076121369811456
-0.09360528847039477
-0.0035294019236899524
0.008902809038472768
0.0022680243373848497
0.028194693735263968
0.06626063443916676
-0.02781579375859362
0.028534287849977708
-0.07735449259918872
-0.05667076857949126
-0.0071196359001670685
0.024759877928789507
0.04822802532719314
-0.02794909015949239
0.01726207288813162
0.006687867998294844
-0.01502549957778207
0.018780687084478147
0.05362501878694576
0.043171801426614045
-0.006569713320322914
0.02688394928930063
-0.08691099300797141
-0.08202491288751469
0.011025545446620919
0.004149417171743147
0.0524401971001925
-0.008353247876267667
-0.05796272111375134
0.07020081837343306
-0.012206160254591774
0.016619739310587356
-0.06538237348129262
