1000
0.03971795025558781
-0.004409426232086737
-0.010331891038638491
0.02428053889981013
0.002576228510782707
-0.001600550416839915
0.07565740527035938
0.03028437782161523
0.0446183396337175
-0.09280762230541517
0.04449841718698173
0.24952104223130236
0.5570705364023276
0.9552249276633006
0.8822049159560408
0.9658891052695003
0.9344424582374865
0.8180311715415416
0.5060264719658747
0.2591176530521108
0.10184974142932975
-0.24004865906025027
-0.5580037531805117
-0.690561104329461
-0.8153773137543813
-0.9503883519892243
-0.8013261610186693
-0.7236111208072971
-0.537107737872155
-0.25519082453535735
-0.04330037298560902
0.34550142595739014
0.46825651301192106
0.689162292206497
0.8429394318541961
0.8088144885418467
0.77941923340031
0.7101786989428271
0.518827525638953
0.24738623864806739
0.010982618592500918
-0.21156491266240965
-0.4774871406077445
-0.6952062087887528
-0.8818273978991725
-0.8625075182201176
-0.7890788886633265
-0.6498486244514582
-0.504057588736529
-0.26861776297869455
0.05009179550464151
0.16527506444584125
0.5112590946287654
0.6440920323120491
0.796064324806754
0.7299919075564258
0.8125776300537005
0.5955937591620643
0.4977820436240718
0.16820391268564
0.0025670552728829362
-0.3131134565317945
-0.4560757628616331
-0.6505585988197731
-0.7467647838999548
-0.6972699032837575
-0.7083760454469739
-0.6518189027716762
-0.4708254980921591
-0.2881904476500264
-0.028620171254961947
0.19514593301445252
0.4125906492875582
0.5221971045869478
0.7124303167933799
0.7266102592611284
0.708604768161528
0.5531071259286939
0.39522887692842984
0.11743877006297293
0.03746438450719362
-0.20969739740683754
-0.37391856249089644
-0.6147432120453626
-0.6409745020160077
-0.6594139191025721
-0.7083766311587179
-0.6266104266785211
-0.34483323843736713
-0.08171167351247052
-0.03783347501888195
0.22496334067308232
0.24519115251400564
0.5150768490575403
0.5714542275174954
0.7178349717882727
0.5712461763065938
0.5046894638146386
0.3055021474838774
0.168915727725767
0.06265242721262125
-0.20487186573645355
-0.39354604108644614
-0.5178565033274775
-0.6954660107963523
-0.5909341226716717
-0.5417867562716217
-0.5042951582680092
-0.3663814177713626
-0.24998141906188362
0.02154631053091709
0.2300036579676706
0.2505578141495546
0.46608217252030254
0.5581431859250396
0.5792962136139955
0.4916910224410306
0.5029783367234606
0.4137923174623025
0.14003103637278624
0.001941127991104783
-0.14565434248521955
-0.31632830195537426
-0.37511264393945076
-0.48194070927400384
-0.5411867180889015
-0.5425343727082327
-0.4512266133683271
-0.3020799519950266
-0.14241546248514522
0.014622625952251339
0.20468044856585021
0.2918273367098327
0.47550227338130824
0.4004182940671736
0.5497159023569269
0.47330939060926813
0.396832110234816
0.3215506199919942
0.21510644238763077
-0.025039523613825675
-0.14684566232322546
-0.39044163689447575
-0.4281691190899286
-0.5255866624356259
-0.5257881286567152
-0.4211087004582287
-0.4168075501765902
-0.2842410458429153
-0.18456978595502166
0.05637301401666131
0.21296239801127714
0.25915195123489765
0.3303015448652319
0.44310987527740303
0.5044646876048383
0.4291002732547364
0.4268253335793874
0.32936413483982147
0.20984885082751098
-0.028504462368666945
-0.07418232035101915
-0.16832705893939043
-0.36790271462833446
-0.4144286165814497
-0.41904018599785364
-0.3792170380791278
-0.33023889915719457
-0.29548899989732524
-0.13666428290350555
-0.07150818762598495
0.056560932383574805
0.2959460937740124
0.37255827881316367
0.47397872822112824
0.5199398851825038
0.3763609483542126
0.2602598833070806
0.2290810730792278
0.1804520894513014
0.04751142742398612
-0.19741794766362972
-0.2485820325797443
-0.28958384152765426
-0.3842397915464844
-0.4199312604491263
-0.3535506469762026
-0.27495672177557406
-0.27432756278103193
-0.2367351147182486
0.05481654312224979
0.11821581796280589
0.29718913404059943
0.17521142316100355
0.35531953663561894
0.3801803507655958
0.36331085554418885
0.35083862241149805
0.2875736691335178
0.05285953932963121
-0.039987902954145144
-0.13932062353029928
-0.2187791166184227
-0.25554148454921705
-0.37709872742664896
-0.37578334117437784
-0.3355503338453878
-0.37879061546093123
-0.21891954430317317
-0.05603477072438748
0.040783324081753586
0.19598852736096695
0.23162948343921083
0.2930142652707361
0.35158263790749816
0.3314189034109257
0.3543443265020293
0.2733733724460439
0.1880709766681651
0.10132999468700364
0.05747396720853923
-0.06858720633520898
-0.21971707412828412
-0.3124722662999766
-0.28255803268442164
-0.3448597793409079
-0.32006430217372767
-0.30604350723649004
-0.18656737193762762
-0.19060117142158572
0.030354693228483425
-0.005729202046444212
0.20111744824117378
0.22725183147620398
0.28911682836082514
0.31027519336794285
0.38784224536988027
0.24338391784828192
0.11542492631657318
0.07503736716887173
-0.03614862705512104
-0.21592242699219544
-0.2216001105532444
-0.2438575605613845
-0.3245223532545238
-0.1977822258917462
-0.292621048699419
-0.292561139644729
-0.22867313384434979
-0.16864148495498243
-0.025073689798517054
0.03426736878412564
0.10858992724590684
0.1814404500072979
0.21385347346971417
0.3290128349721688
0.2664239188906204
0.282442735959646
0.13178360008781126
0.09042583619987112
-0.005797756530829354
-0.16788438330965322
-0.19984103695354108
-0.2647052395410927
-0.30235399501467064
-0.2100747497574681
-0.2160223676092318
-0.15319598966225223
-0.2365117723574896
-0.04706359897328174
-0.0704169034847699
0.07996332986775667
0.21473961032946742
0.23317086983308125
0.18232471200953804
0.34463388878555545
0.18981254158959926
0.2827355392656308
0.15147602768342355
0.1000260704550487
0.05075010289330335
-0.10073176939960027
-0.2540850975772504
-0.2763062052659899
-0.2168387149893461
-0.31119502826713563
-0.21146545106474998
-0.3303053382042216
-0.04245179341411853
-0.05757779976967689
0.004795230857453988
0.1775737566022399
0.1414975969333962
0.2448093141754176
0.1960877549052157
0.30572219553899216
0.27477462280763265
0.12791462138363394
0.15430687209466326
0.03973115486507482
-0.07059468306510054
-0.1005588010690904
-0.15113629544520216
-0.11718433508353314
-0.3106711967258021
-0.1757368291066
-0.17761718070769583
-0.17872083631731714
-0.02625235453837628
-0.09457162839505354
-0.06040970580434497
0.006012601105373536
0.15229600909724053
0.15337645718179121
0.2604425254126913
0.19270106229060488
0.1797823277051308
0.17342130249904958
0.15731785044564048
0.0395071359777303
-0.08721771193252245
-0.13897354796997935
-0.17349080676673
-0.25701238258237136
-0.15361296780835237
-0.18841689952789256
-0.21898087007526135
-0.12284796241834073
-0.06038895488285005
-0.06920453761651683
-0.004370194674488038
-0.046723807150477206
0.09477034806857926
0.1657504122815794
0.17474951653879822
0.26496921952764835
0.18764977264059904
0.1788178079303328
0.12193624170756778
-0.04606545816407338
-0.03156210446341885
-0.036284149124391346
-0.15861254558316845
-0.18729981583544478
-0.23226100029139368
-0.1045719282232904
-0.17661478119433893
-0.20031600853288922
-0.09410383230561507
-0.0750276495671513
-0.02048600699291767
0.04269064658185614
0.20417690037256137
0.13397769587022207
0.2322081853211598
0.2178394199558415
0.14934711203924908
0.08118327420300345
0.02128735517186263
0.1389971370279121
0.009039854524929324
-0.09283588875675067
-0.16810209608209647
-0.1325899553739755
-0.12801594546343797
-0.23105337326436065
-0.10089233238237125
-0.1677388273325032
-0.06012567639834114
0.04306847936086949
0.013473945903990136
0.03982362060678042
0.044523952481987775
0.09211669786233066
0.1280780865996311
0.2394517445216874
0.1798665271758131
0.12800749557431823
0.08949631249468212
-0.07824392634145486
-0.06192163611573114
-0.08927045603026101
0.024793856787855728
-0.1797778309869418
-0.15692334984609702
-0.12310240656031678
-0.10711096149486879
-0.023738618905991424
-0.08248497273179892
-0.058008610571869006
-0.03948405262528965
-0.017167724496352864
0.14070131361672994
0.13978168667217716
0.17852249149814406
0.18653400989689017
0.16708452125511006
0.1605598364165848
-0.04582440382949586
0.07196430240468134
0.030941055323856558
-0.05858583398381817
-0.04048993681358966
-0.1876702167372192
-0.16563735483021422
-0.09094866538165437
-0.0660688076713719
-0.09795564611566518
-0.10461098032561607
-0.009534102512024072
0.08531181149439374
0.15061865293344853
0.04616587387858825
0.07060453344144393
0.16466734264086128
0.09757055349707794
0.20617327468642185
0.11566325696856773
0.00783975722203295
0.030488299112780164
-0.04805222209614921
0.08381345370641112
-0.057435050469705234
-0.1402366016617099
-0.1439149801240403
-0.10004464818950685
-0.07820948425101865
-0.08318749136724116
0.05341982003455577
-0.09315575212040847
-0.027362420056059218
0.027801415989976007
0.07636469080464046
0.20378918808629717
0.006069947422432859
0.10378305248203903
0.16597917382293514
0.11092770406131784
0.07529504344733665
0.08255715504479197
0.03555363913286151
-0.01454212061868683
0.016253287438887223
-0.021034060954324932
-0.09393517514970541
-0.03202882347148492
-0.13026046199896713
-0.13222513953755727
-0.09729308628394265
0.0722620615253182
0.0963690534913252
0.0495464362958752
0.09500571910672001
0.0739682379488187
0.06737304903226154
0.07985918587345847
0.09082904245162626
0.18727507342951322
0.06681280776636112
0.1140832273399634
0.006379872586178013
-0.019507925868953613
-0.057255684188438814
-0.09603257817722556
-0.15444763683403195
-0.12782033244746954
-0.08245179616728648
-0.04028546454557815
-0.0008572541633284636
0.01713848844133461
0.04792494817034644
0.007916606739511327
-0.005707517197297007
0.1352612713479331
0.10840245438128315
0.08628849646021014
0.0583430602568372
0.016258397099392946
0.05760041623159018
0.037972928460447766
0.03545241710030825
-0.003831040343426021
-0.03244689985930864
-0.12196228642823242
-0.10057373233504639
-0.06432982748626853
-0.054318611809239935
-0.07726909308519214
-0.1315213965306805
-0.04791560134554172
-0.010384477269088435
0.06594354462217636
0.15403006305144412
-0.015872171142284647
0.09011233943061327
0.12983954473191622
0.12116898355663303
0.07630989806218963
0.030586426993415353
-0.047669081399899504
-0.1090445613280349
-0.06829435592099091
0.026442755491778873
-0.06770088134519421
-0.1089849868797232
-0.03227843066136862
-0.05853135277867018
-0.08657483046552303
-0.06084087826120357
-0.02871293834395091
0.060883323158837495
-0.0010033405684172457
0.036226038917688975
0.14717570984844755
0.042783763273674814
0.17217454740509974
0.08395941432067777
0.04344118500453879
0.067710352484079
0.005979090703212141
0.09943634440302064
-0.024131654288179587
-0.07629621169433337
-0.017661646518670804
-0.16546420668248701
-0.06763406596109428
-0.10874033335939781
-0.02427385322076253
-0.07409766767771148
-0.07513023167999969
0.06742586455758405
-0.1263469229301601
0.09798361014399003
-0.03863749467923326
0.07954675993856358
0.09316239937557597
0.04275640370738495
0.1880267818209604
0.035202868902845144
0.09484834392842156
0.057897995170803816
-0.02665652898342239
-0.0322677973851586
-0.11250610173285433
-0.11939774471279666
-0.10022306560368455
-0.055565300564798234
-0.06818729758005568
-0.03130994912275809
-0.030706669924391278
-0.01601865143531757
0.058093749904018985
-0.0006859643370557139
0.03220426092164429
0.07209866692349426
0.10820811037448291
0.05132939939353416
-0.05362907489487148
0.09921844766685228
0.025787209175667333
-0.08542653921439654
-0.049785164292652596
-0.01391494526580473
-0.056685875102493115
-0.052194631625338536
-0.05787251195804439
-0.06113533976374976
0.005337152720933221
-0.09504534567352081
-0.08251648229280685
-0.0051993039704645826
0.013244446612738285
-0.048177270274843295
0.11800818308584898
-0.0007436930697800326
0.1446989988598457
0.06907454014541398
0.12415069333619
-0.009827484595008755
-0.014410224369534083
0.021082877249678274
-0.01893837717566146
0.052718873715895107
-0.04857497951264609
0.009289259029267131
-0.0454152758946412
-0.09266070233734439
0.03531195399827164
0.021387482550071668
-0.06512083633049562
-0.02225621712491919
-0.059535645061373356
0.01622999324258946
0.0035059603097086223
0.0006977909520563888
0.00992491141683232
0.13260829047179096
0.025246953741750067
0.04577878361489894
0.03590399238862185
-0.06251218987717641
-0.001538519642428498
-0.14221108823011455
-0.0782272187086199
-0.029140528242023848
-0.08022876073726713
0.02782048674565997
-0.09375676115795768
-0.08765056160647341
-0.04416615451639409
0.021003955378079267
-0.024935491071329724
0.034877903488802264
0.05250532781844058
0.12881924241407539
-0.011581918757804732
0.07213329263169962
0.01707596255644845
-0.02174234643882724
0.07058605570555193
-0.029310197877854393
0.024275366307077797
-0.09050334081588465
-0.09693224651490005
-0.02772621970550643
-0.0890432968679021
0.04432276910869824
-0.021456204925419387
-0.09119456833172009
-0.05917132251326948
0.04439065329050546
-0.018232279587560424
-0.007763220872724266
0.0009143718609168072
-0.00039133918392626754
0.09746622982098833
0.08444394195123162
-0.02489609705501298
-0.0809983642378458
0.02352486430074991
0.045350238462249906
-0.02219280417140087
-0.013839819055253545
-0.01987263014239683
-0.08467705091974531
-0.0811202063611229
-0.02098607855659798
-0.11282916805467061
-0.04142667876909989
-0.11434496327255562
-0.03621840735691975
0.04705316933305302
0.023189571821718224
0.10604002232408699
0.028254680054059907
0.05807745459514886
0.08848902118993332
-0.04132855939167977
0.05140031360012845
0.06466798179380293
0.00780854045478256
-0.06573130051691799
-0.06924354286419393
-0.011172726732902084
-0.059023375622640845
0.02644364211372425
-0.014190292082335687
-0.047555248384851256
-0.05065459097956006
-0.04636171389717367
0.04926209312005632
-0.0358744546636241
-0.044625206040746275
-0.0218800341109748
0.010073743196458235
0.08603036286319743
0.05085758055357191
0.06415480486457037
0.004506200248535937
0.10170970999646071
-0.005501503547097252
0.02597920341149785
-0.07805991862928437
-0.0062352431405562105
0.010279736673220026
-0.0460530804306443
-0.032638755569387806
0.048440787535766826
-0.045553828346405534
0.025696347786598905
-0.09105881475981133
-0.015819224805328862
0.027136228063446968
0.011416181154156824
0.023033545058117368
0.06145800728352837
0.007689888792884753
0.030734959127045682
-0.0064976990117994494
-0.10138570409802944
-0.008059288118408793
0.02824567962186605
0.035710682422929005
-0.047904819753996894
0.06276900842775371
-0.04274000896574931
-0.029031169918779746
-0.06995913264373406
-0.06473381117546499
-0.017298201310913953
0.024830578740629616
0.07034122498105458
0.03904596307747996
-0.05787458637054879
-0.054104231366718096
0.028984734668929035
0.05870055148525474
-0.003190406272952726
-0.015955653703566504
0.021014446296561247
0.0010495833313532478
-0.005479492568510639
-0.026118693360800305
-0.013235912812537495
-0.08154399068447889
0.023328124165658264
-0.01677595880496882
-0.08708877405703966
-0.03515265585932138
0.016839687403456174
-0.0420378329221066
-0.01046492906522087
-0.00319036355097152
0.032546513165730435
0.07449664665787274
0.046126020531107786
0.06655663745728482
0.023015147009404047
-0.02789860898772
-0.009659126179901379
0.007137123435129556
-0.07279703236198358
-0.08530038032379023
-0.12135692442981721
0.04662575281559608
-0.06535991348045306
-0.024426998953450275
-0.08579636756515979
-0.051766569738834055
0.025042152269842036
-0.06170802343985168
-0.04784288900544003
-0.008790200113917918
-0.1285324724516073
-0.006925976742438358
0.010699565210842438
0.018079181042543163
-0.0003685766554932801
0.041895928465469676
-0.053464518548330925
-0.051061674828394125
-0.04701464883816127
-0.0711490201950732
-0.07312066128165057
-0.009082506841158236
-0.07145023587688018
0.033687985718743464
-0.020067747702693702
-0.01873780233574139
-0.0110672186376474
-0.0046181487157861256
-0.11204601502845389
0.09572843430359874
0.018213779370149338
-0.03564758351693222
0.015036587850464102
-0.024834300371047693
0.030540909541158956
0.07848867144731896
0.04652053119638116
0.08415578491518245
-0.06556988871335348
-0.008536240572548813
-0.01202628558384155
-0.018062506156160056
0.015588230490052687
0.04573427875957324
-0.018882086697510576
-0.034270889632637455
0.04804738682433908
0.10071765684310992
0.01694957451093772
0.07906690299545928
-0.06644034773877566
0.03608963375767228
0.01215867531238407
0.05817902894420328
0.014078000808327988
-0.0527009596914878
-0.04274188416640451
-0.031888478420344105
-0.037190408326755395
-0.017467808785627315
0.009998050972498361
0.04922848040367128
-0.028176615078477543
-0.04352736934300364
0.032942814370699944
-0.05271219696896971
-0.01638960565734354
0.03321299528829247
0.04750740286634779
0.035899400977768295
-0.08371368624949005
-0.013112208020662836
-0.057476217998332274
-0.006984030284340002
0.02694649200054631
-0.03181970509126925
-0.0071920998879141124
0.006866753001234587
0.016278474502932103
0.021036764665049116
0.014963501159260227
0.04455144045930072
-0.07519571014826532
-0.09966191782597739
-0.00768470313101498
-0.007167611711217614
-0.05285658010199509
0.008200424090228392
-0.009137950139645601
0.08015810972251469
0.05149230660211671
0.09299495944279129
-0.09105979476398839
-0.05970706046291947
-0.026238170969798493
0.03996303473826469
0.06797099204528416
0.0655345634043781
0.03635536572542254
-0.024029892165371557
0.0331848642607059
-0.034354934287194494
-0.06562839711014118
-0.0145863949005444
-0.05585309018428657
0.003724859633701878
0.06315066772570178
0.0025338546508650675
0.006366507299335036
0.07076624544937288
-0.06805393226809296
0.049040457612758506
0.023795505359578438
-0.05432991238309268
0.027358013696814745
0.034546868897320705
-0.048322131961639134
0.09547525576827658
-0.02688803463299358
-0.04594663096704053
0.029125889073929608
-0.025095675977447475
-0.08487970105875266
0.011306198276311658
-0.0656003350029288
0.02002832967116966
-0.03207106940353019
-0.06508297168334887
-0.05057227165878436
0.09710382935904212
0.0795593037165359
0.01781474079374502
0.044457324836330574
0.0077013794496841766
-0.13236461426513332
-0.09269204716923718
-0.003010970154238105
0.04349385245363455
0.02419707255716938
-0.07512647024886313
0.0466611909211329
-0.03024315935096421
0.05976938503432769
0.017227980807660838
0.030427870158979492
0.027762335017802304
-0.029806967138376855
0.01843781906168333
0.10108418460574436
0.12146326717446199
-0.043386199237492755
0.07345148252573586
0.0033235573404363644
0.0247964946931412
-0.018101018146537022
0.08003374881286768
-0.027119061758653737
0.0011701643594775066
-0.007897162835614112
0.018724389757017425
-0.021357162428180254
-0.03060583882127492
-0.02663592934082583
-0.030147352246744346
0.07912800105315973
-0.021793814014298588
-0.013795985518646959
-0.01790435076878017
0.05507933713329581
-0.024447667116250935
-0.08734988885254208
-0.026745307118581918
0.007077307568600443
0.017236084617978757
-0.014892561565100652
-0.038274501405530084
0.009593369110447903
0.039379329952476075
0.037700528434808034
-0.12541706516358841
0.013597730424112326
0.04637606770322509
-0.013826915556191772
-0.02463550016228571
-0.04654881091726694
-0.07853757173918778
0.01699291943351628
0.0713503637846333
0.029329502747653047
0.010210326475167768
-0.03143090383151955
0.005754693473292336
-0.021317744131301386
0.02293760925565947
-0.025003355748508684
-0.0036371352490000156
-0.019043826096375956
-0.07327221143559574
0.0027443903919060196
-0.059486952972443274
0.03728218675149545
0.016080719683006763
0.04080203876797313
-0.0005980054207599655
-0.04303593609888128
-0.027947483159802708
-0.08416407662968389
-0.05423097295164583
0.005766758517683932
-0.038961788078745806
0.04751003955967072
-0.019762221066362877
0.03542560430790525
0.06467065252896281
-0.018409624070767804
0.003095242253884354
0.08318275282380058
-0.0792816673955639
0.0494756679160978
-0.019412508550863225
-0.049531691582748165
-0.013493929646881894
-0.05177796720601403
0.03199273327374568
-0.044635280752690895
-0.08111186211600366
0.02521849373558614
0.04883954735631169
0.0023258571460750615
-0.026889715326264434
0.02671432243188354
0.0416525814283377
0.03894614087338699
0.00916922827344639
-0.04731084201985746
0.008401110543208738
-0.03668680052243537
0.008799187296122267
0.055364502597444694
0.042480895066860945
-0.018732790142306055
-0.049008180027169175
-0.05943292887898873
-0.008301034214537744
-0.07893016042316157
-0.042519021458671646
0.05813173207283156
0.010490361146229284
-0.060914761118398594
0.0035598940019814247
0.07364030370465516
0.04699743595614212
0.012853601299012363
0.024368433134283846
0.04678995562686371
-0.05547355807957889
0.10991208853623533
