1000
0.04830356588390233
0.00957859052011686
-0.011352484527453025
0.046128898334361707
-0.07315919898353172
-0.0188131272098902
0.08329624732808334
0.11259281722025367
0.07632732873054977
0.02746652574055375
0.07176903459903482
0.03157776830983717
0.02651900226922307
-0.045358807623387946
0.03525051229898198
-0.047453853959334075
-0.024024012851495483
-0.03137760536332379
-0.06489223148618552
-0.07569664456545688
-0.013298859011209056
0.056279332971640145
0.011246037883721216
0.021821587520717306
0.034754589691300644
0.01103688223390293
-0.04462163685286549
0.032593700016848214
-0.034098750901905624
0.0016714152278282466
0.07992328162952389
0.042895635020959694
0.05430684916944453
0.04976784284359487
-0.07566775074087564
-0.013572369020865706
0.025998264960409967
-0.0035873508610142976
0.08047095902674446
-0.047426519869754505
0.040526437939920945
0.0004166539928426783
-0.05006143817740715
-0.02142201219680157
0.026033191289181287
-0.047861722311545
0.044246084042752376
0.033207100156147876
-0.0010298963909843167
-0.04856433509503553
0.006609866836002138
0.013626408298524446
-0.06624901464947296
-0.008414923750764346
0.012772840721289612
0.05791590360387109
-0.04080491285343779
0.06087370636999898
-0.04470507438754143
0.004770539765683306
-0.026559280903949975
0.006540063506930931
0.030395812949283004
0.05475077883029035
0.10049237470137039
-0.07723894662688802
-0.010636006933393652
0.01859123303682516
-0.056427796966286116
0.046482798197565414
-0.020750432828942747
-0.014414014776736797
-0.02854465632483756
-0.04885720244862185
-0.006661279206135447
0.05847207336690127
0.020687062094043487
0.039431659495480026
0.018037700690539036
-0.01414008018300949
-0.002560309740752657
-0.05278952177011305
-0.0026634792054654422
-0.04262927617982046
0.042468834313714676
0.00194179984186297
0.03875415698576721
0.07862991871976739
0.020847390820894533
-0.014899210308173344
-0.025935066418846593
-0.0226038924728238
0.01721381311479033
0.013959382820953596
0.01444309515828924
-0.07661399967577735
-0.1168907603089413
-0.0072155720541280405
0.04678764294942994
-0.02954995031027017
-0.017655444873819856
-0.037616348033641646
-0.014617781266684449
0.02309684675692303
-0.015737181729926383
0.0811337836954179
0.37932259877628005
0.6340953800857815
0.7640971215071289
0.9190263234883845
0.9941934153700146
0.9339522390435568
0.7352363046054132
0.5286627674826234
0.2918313978165911
0.058593173764409756
-0.24168837277095345
-0.517842749498755
-0.7995786776857213
-0.9355108911593883
-0.9539958231078747
-0.8692166623137417
-0.7272461064560284
-0.5071849931607779
-0.30340170290421
-0.025880847744748543
0.22425270035153466
0.5069942819573535
0.7090659606866231
0.8581749725118443
0.9581906565335405
0.7749688646130336
0.7051290041734981
0.5345653250256396
0.2808367690604324
0.010561860283688714
-0.1883054081490021
-0.5862474733405586
-0.7072919535754807
-0.810317091258204
-0.8505120067054673
-0.898317855267945
-0.6549604962643841
-0.4566568871229501
-0.3191004930830477
0.01792199650755975
0.29904592434229216
0.40734150081241616
0.597796704745367
0.7493216148134182
0.7986581671698508
0.7424615696422403
0.5977890079615964
0.40201384986685995
0.2517993701308794
-0.011048352281818174
-0.20909425628750428
-0.4856177718685273
-0.592861048154569
-0.7523254564254414
-0.7551801336856354
-0.6727468854991789
-0.5816266475904927
-0.38772210551082587
-0.19305529477832878
0.025496488514357523
0.2930280502630895
0.3900956477581038
0.5714171004356574
0.7394940258989422
0.6900211676603534
0.6083550680565506
0.700830840789488
0.41973256436938405
0.20039139552937232
0.007566438419720595
-0.16873624957989417
-0.38486211485510885
-0.5199788082623599
-0.6978966534256434
-0.727903948980366
-0.6426138719789719
-0.6245575723737675
-0.4241517579835478
-0.2623943924037314
-0.007351392785510499
0.2670969813678594
0.38264675474985493
0.4808895199718986
0.6110202638211204
0.7119758347664981
0.651559929551869
0.5759487826303321
0.30891237023554996
0.21288398422203453
-0.020405050539614614
-0.1891047214163128
-0.361594578189413
-0.4958653379197715
-0.5058371683763793
-0.6286127020326877
-0.6361541598504571
-0.4409520076737481
-0.3862798041048787
-0.25187094384277325
0.04732745896061498
0.06626689024907453
0.36061511734278723
0.5476630430369409
0.5440762091690068
0.49478980971134595
0.523665724340016
0.5127372515987666
0.29446069375193445
0.18323416832583717
0.004954107418864891
-0.08387429217820397
-0.3373505357456378
-0.49509736024639905
-0.5384276045287533
-0.5596893964574798
-0.473644470599972
-0.3746510356433317
-0.3493917300816627
-0.18814303838679647
0.06481721029350652
0.23507906365006262
0.3884776916217054
0.38701239247730906
0.563782729664115
0.6252416549776508
0.5586583987906438
0.44704919397390025
0.3357230075465808
0.2962184670403682
0.027925391909971998
-0.15893224677446968
-0.2513555660617928
-0.3838337743328904
-0.6008519225289183
-0.6326355470507488
-0.40158949581699754
-0.3747299395863851
-0.3245093008550949
-0.21930970997080773
-0.0063222695910713
0.15098548334303571
0.34013074294818846
0.4842407636682588
0.43710932733586433
0.4940204209417752
0.5136024705276152
0.44632677981078833
0.35095926361474283
0.19069763629300307
-0.05036862148726726
-0.13931905166167236
-0.2687683574821242
-0.3532330579144861
-0.4569459236823614
-0.4290996512220565
-0.4130768669273659
-0.36948028064369515
-0.19994292990531015
-0.19280674405095902
-0.037554992477013674
0.2037844255258816
0.2520635912761544
0.255730227314507
0.3892977284652728
0.4420705156632396
0.40822539082339493
0.39242662839346604
0.31096505908767386
0.0979756136969834
0.006871131893741905
-0.1622753566741715
-0.31955463109370397
-0.2811790200470507
-0.44404790895024704
-0.4511205364547701
-0.36354818999107924
-0.4027507008866923
-0.19276034099433598
-0.09158302044265094
-0.04255701270291808
0.10881639846427035
0.19058570938748173
0.3211668154399064
0.38011170584889264
0.3746911549083162
0.3947689517239515
0.3519552219277518
0.24504929026149536
0.15855017477668856
0.017555503795070877
-0.12680952438170343
-0.27806258671309053
-0.28952734946649494
-0.3138162811008414
-0.373575735717652
-0.26624972922751333
-0.3722401944265245
-0.2215769874834623
-0.07414245211559384
-0.012647796186284284
0.17700291259825593
0.17537528587881593
0.2859019050417722
0.3613095175590875
0.32098458302615407
0.2883842529716858
0.34707166756404506
0.2619790877813663
0.11538186745102944
0.031343948315939466
-0.07005562986677343
-0.12380194231003754
-0.3063405511826215
-0.35812253727631205
-0.26226534056827366
-0.28297978845967753
-0.25732427896391985
-0.2566749668391971
-0.05922161727249338
-0.03219903355277721
0.26180185612510787
0.13603197533862937
0.32097567690845286
0.2521212922144553
0.3310248009424167
0.3711622252706054
0.22909371397018055
0.20478279778394787
0.10548880518029338
0.0497261044265613
-0.04058232001984161
-0.1472315551615048
-0.3058804186559321
-0.2594210795404888
-0.24084208369007215
-0.29286279357221345
-0.19932216765796992
-0.22839802028631317
0.009873257686415879
0.054268296977589114
0.045290469739385136
0.2504853759745422
0.186612867702691
0.30483303126703504
0.25920041488414525
0.22830765148843193
0.30232142193718153
0.13103814369234193
0.09776220089072754
-0.005412665549598963
-0.06383998267851791
-0.03898881307707447
-0.2217820144540815
-0.30139045025366507
-0.25344576327448
-0.1879155978954007
-0.14404058710966716
-0.21454048665613243
-0.060561777648259985
0.00016242313644367952
0.15903142800764974
0.05887117214914038
0.2225972163972937
0.17465105861765373
0.2688345282298888
0.31298204939869745
0.23604731468588963
0.17365967641056212
0.10037798142837144
-0.024193143495167945
-0.11658368127490414
-0.17637024801746568
-0.23390895252693733
-0.28046979956153584
-0.19000640433817556
-0.31891248495038915
-0.13874438255770902
-0.17374471516952128
0.05035351938380807
0.005797951915531605
0.10243867242024934
0.07130731249711418
0.17100855999522413
0.13924101128523936
0.222871565121588
0.24171556118954723
0.20484589407287424
0.1525438176035029
0.08367355257470177
0.015057219446672399
-0.06785981004898356
-0.1618553100686718
-0.23245075400453258
-0.10532369261549733
-0.2207760034844726
-0.30455423096888
-0.16864325700813218
-0.1276011022098652
-0.08004299739268772
-0.007479419022733454
-0.0034813577321744504
0.13600603457525592
0.19663676755806403
0.20780799004562517
0.21634538882805407
0.12418072549329405
0.213771696488639
0.17659225605013595
0.04276296770903796
-0.018545579866399996
-0.07740031702948294
-0.15654278600589883
-0.13860616741219411
-0.17855051858175905
-0.2044814268979194
-0.14744366115769086
-0.19410930684188635
-0.15860135468672526
-0.09607948468471705
-0.0282401900434867
-0.06593324333865724
0.12048273930777428
0.16315938739363123
0.25048487260196844
0.21785952701604433
0.18884906629199041
0.06325793634782881
0.0542455592528266
0.16725031493876896
0.029709635687848658
-0.048665538465627003
-0.1026220032475873
-0.12624838657790166
-0.19756666262695477
-0.009576172833872965
-0.21330597380545102
-0.18056626231999093
-0.12183237462380048
-0.08376111525027878
-0.005110483080918695
0.049066152557566634
0.1259127055511213
0.23237867159620643
0.1466765696455048
0.23705295808402768
0.09326100489460432
0.12402970249819228
0.10920136742176506
-0.03837443465279376
-0.08385938371079837
-0.005322505472167602
-0.07862700175000267
-0.05346013949668958
-0.2359615231900023
-0.1416875834565334
0.012634650794784485
-0.20002323221645776
-0.10930674182929587
0.04157875194573387
-0.047541005552194836
0.0642593962172726
0.07841677124176576
0.08851830285295378
0.06593881792924879
0.17480219370809927
0.12434901172861712
0.14568510418910502
0.18650108578701996
0.11435506397054271
-0.0338696925456222
0.03678763889989658
-0.03607505810972385
-0.09786095454279636
-0.22745301442633437
-0.13045367820716813
-0.14378624330185535
-0.23425247006904362
-0.09471582517243644
-0.02531564495475224
0.049681087283050075
0.008333321394680682
0.09034630251146215
0.15739828301494474
0.0889291760293371
0.1947043274087314
0.13612634045700509
0.12359523372487413
0.07560707397589456
0.09023425247395879
0.011793348720759426
0.004381927756190021
-0.07710018152259318
-0.11857800820313184
-0.0926896192249105
-0.19902036077692406
0.002715137315791094
-0.07473909376293938
-0.05594449581871719
-0.041621059809310426
0.0010037969752265366
0.07289066004712988
0.19078505703805837
0.1264470545934769
0.0860197309976713
0.1099079343057934
0.19810767573423965
0.11200007413109186
0.10388134179025459
0.060086897491940565
-0.033914386978844656
0.020988586105446926
-0.10896810831002342
-0.08045471682075833
-0.22724562648218435
-0.12179171594507496
-0.10759404626036448
-0.043039605861462965
-0.015679701351441616
-0.04606282421210016
-0.016097407272400187
0.031352476973841276
0.10436494075483016
0.034067247013769036
0.1520994352894602
0.1734715327206163
0.08703672420120684
0.08854027001999538
0.10382212208366101
0.04394089750919252
-0.020753983010276613
-0.03926514579137813
-0.10520028342882198
-0.1010172975931485
-0.1405637408368923
-0.15864043488470353
0.009284621354366585
-0.059157803282364564
-0.04766410909628614
0.05365661717863522
-0.023186532803414463
0.04666047549391367
0.08111833892583495
0.10798337737352032
0.06624534253285538
0.13328439404150577
0.03621413007824871
0.08664587774449889
0.05867253584827218
0.07298671210896722
-0.03327082551059885
0.034125258141038055
-0.15444748956892274
-0.02883300372206269
-0.09669989565289669
-0.0719715468321243
-0.05342799621716146
-0.06787833050765414
-0.07647509262870002
-0.09773569447845916
0.021289202681351975
0.017457924629391264
0.020235704611908656
0.07763058893739584
0.060806809568571235
0.10752798142214347
0.043014658984053475
0.14886782930992903
-0.0009078023317593345
0.09520997995474242
-0.02404760656311093
0.008862425991785154
-0.05188192584642048
-0.039098293066901844
-0.053243354221396096
-0.06484680995619686
-0.06957025604572747
-0.1373632851680539
-0.10582196055807744
-0.046282951510721815
0.018853512937934455
0.06139637706479415
-0.036407490436570045
0.1239355336719444
0.056993837577950804
0.05056147272092851
-0.010971544581813417
0.06141241229603755
0.11501415183948414
0.043105517254872994
0.010687320375877036
0.06381233422021367
-0.12568241320062748
-0.0788664612034303
-0.0540957311343571
-0.029005151675080915
-0.049384007385540774
-0.012478326558263891
-0.07976214557998688
-0.08470074472313127
-0.0076213238000036035
0.08666240534372174
0.07535160851409801
0.011618412638063354
0.10184385604915934
0.07441693254994258
0.09438030033783905
0.0018081296892187154
0.11306933617006908
0.12638453483092496
-0.015714648103309428
-0.06971067256711526
-0.031938792540072605
-0.1041593834799279
-0.07349372944756093
-0.053978406290478044
-0.10854554647435913
-0.017988520186832738
-0.08180624298449471
-0.11620343103636296
0.10108153944799839
0.07290954305320216
0.02383427089582742
0.03920379225417309
0.12009261171890206
0.10500186596619973
0.08444056647468716
0.05631451601149978
0.026914990469199405
0.062210128888733104
-0.0410053771573283
-0.09269733534487876
-0.03557388476073727
-0.00654161763463261
-0.16405542687563474
-0.044460022543864185
-0.049724194232937356
0.06200617368108641
-0.0438362709747672
-0.07486832019488511
0.0949836478503059
0.06298147056390889
0.05002367014450146
0.08286290704609105
0.032490753875393005
0.049595240447392094
0.0878523606917062
-0.01835248550792022
0.0759443519604652
0.07036587500369931
-0.025406933147198503
-0.0534954764044234
0.03444919114291215
-0.03288217669753224
-0.052978571630760404
-0.050625067134610596
-0.03341812658327576
-0.15348057599166354
-0.01916971281241864
-0.04186331789585421
-0.033345252986621915
0.06267749641986994
-0.01724837701878701
-0.004733284342713438
-0.061146736634656654
0.055867605342673335
0.1455351243751617
0.09751819641008928
-0.05084921586051156
0.03210848034060252
-3.184185817007962e-05
-0.005600001068237697
0.011484903678607293
-0.10799131664848029
0.010667585337431416
-0.08385344874991957
0.061682229253114895
-0.047461284579416306
0.01959949465285435
0.00147229515729028
-0.08066432717895627
-0.0590286081268498
0.03990029165692488
-0.03926059322878625
0.06571031854864193
0.016968149808829804
0.10058487665655366
0.0878158705731511
0.017796896738168026
-0.07146589074892415
-0.005377080240198269
-0.019527652114965172
0.02264082847030424
-0.04619091333858455
-0.08758092738915935
-0.03961562416787534
-0.1665964381856354
-0.12158495902889763
0.017020790903000984
-0.023984223072357595
-0.005647311275288275
0.023336955971683414
-0.035550320749032666
0.04042074344258472
0.05238795020584545
0.1190542515872276
0.08811130364313303
0.07032618698731527
0.022397537793980845
0.08366189836949935
-0.023617109004067167
-0.05541016301310442
0.01084904608604214
-0.0341044629259799
-0.0599331515539122
-0.05602248287726189
-0.09423737451708275
-0.014280087663800727
0.036423757208914956
-0.03303501475634317
-0.05804889871438213
0.0393815316949631
-0.043286362245842494
0.03255049531161626
0.06802283000202376
0.17385450265712113
0.031749906921430975
0.03778084106073927
-0.05137305172451985
0.025091908555733275
-0.059407537603401735
-0.06756469350368559
0.029380136173468543
-0.02192626080470802
0.005972966901649293
-0.010222104654322689
-0.08015955590212337
-0.006310638791363742
-0.0398024911823127
-0.006762881000356819
-0.021071298424835398
0.014648883074492174
-0.05984322175551806
0.056315395419277575
0.1434611792215469
0.0378512733215114
0.019613051545643145
0.05843201959727418
0.01735027180544551
-0.05100305678539504
-0.061087150356214044
-0.019282105662000695
-0.10199759316542631
0.003733532410687305
-0.10645898514775612
-0.0318633627757184
-0.05548896341863599
-0.07109837700234248
-0.04646581373102446
0.006458851419413967
-0.08729024254179304
0.08025621872637942
-0.029232337925965003
0.08521607184297933
0.11063111084024753
0.03806670682565379
0.19746468190281993
0.04171979442085879
-0.039401654664325714
-0.08684686028700875
-0.06525834957688843
-0.05345269556855268
0.01745470561404821
0.004456332926097074
0.017514061068600713
-0.07654018091106381
-0.0024440454837565545
-0.04734899703020432
0.11199074813517942
-0.1119213225298822
-0.010443305267743131
0.008824466008421484
-0.03547514299880308
0.05049357395336227
-0.06511354488464521
0.010249510430465552
-0.00981959201081914
-0.011194071984801691
-0.028567503796744522
0.012166500327383561
-0.0772395392387534
0.021449498678711428
0.011544704418134433
0.013410469118945705
0.02870434890683273
-0.019833072323838234
0.008559828655534302
-0.07183503909361294
-0.03482702629387723
0.07678583319990712
0.0725246707255867
-0.07761728599744779
0.06443639335981537
0.06602051288464453
-0.012695362175119802
-0.0531981410131046
0.1320290348497667
0.014180241550396044
0.06290283626561467
0.0032956292486016605
-0.027442177027671984
0.051207687404959054
0.06890525307026495
0.09541113241044072
0.008156047363431864
0.043577954534030114
0.013286494238131226
-0.0175914193286339
0.11182810703073583
-0.10412468163940065
0.0653584036068218
0.01358131108534662
0.019833937026658758
0.034720418090942506
0.018829419065430942
0.14066480132686912
0.09447889229718523
-0.0010634517185513191
0.021514299127083657
0.04591547864349196
0.053360303169985884
0.0656051781073429
-0.07026703775316182
-0.040039104441909085
-0.06918735175815645
0.03233580311274636
-0.10788170219950852
0.007658879912360656
0.0442159822131287
-0.0593155059292936
-0.02138846395257342
0.06407190659242594
0.07159993244370132
-0.01796064852990082
-0.04379302694971446
0.0819024938422375
-0.008398322490051388
0.04955840701943294
0.010313218621057942
-0.03483473573863297
0.13404748808991512
0.06345655094706999
0.0030162323086967095
0.02042980303568233
-0.10631151439312429
0.039237430310578664
-0.04080391150011328
0.006145080985580649
-0.03919609042431372
-0.028342126888568436
-0.012225116460771165
0.048182324329285556
0.0039467801869491614
0.04519677498437914
-0.011672314274672906
0.08146745780893605
0.06751821468820816
0.0672571270950939
-0.0301181048063104
0.0034906063978017163
0.0479944530014272
-0.10107256799987167
0.027999333542008446
-0.0488618077422478
-0.016308996728904932
0.08696653475820454
-0.061917475890587756
-0.03173297937970908
0.037943490626837925
-0.003523767466073763
-0.004262361812704819
-0.0659234057872457
0.04724774184541926
-0.04771991387992249
0.011692042647933089
-0.0019767401358926906
0.08160894042650581
0.028072488311835186
-0.03467945818830746
-0.010508341693847977
0.031464296617782314
0.007875790165080332
0.07126357864166602
0.09391681535268603
-0.05619613661976049
2.7424214129843916e-06
-0.13615464971641703
-0.002146189013795199
-0.038220629965422366
-0.01197499779672363
-0.03619510791387508
-0.028174940294555906
-0.036584728887251186
0.02282792624312984
0.06648948677105371
0.018731620569756528
0.0704850898848057
0.020507682158666288
-0.03688227225021965
0.14678783055305727
0.050771515297731024
-0.02125248643330055
-0.008221319564878838
-0.034162427208404414
0.042144648166738186
0.04836806484144536
-0.0009197796613110553
0.05192998270251123
0.020972024812973177
-0.06335725825603147
-0.05105357217059545
0.066843862994025
0.034288659116344815
-0.0028473654178484097
-0.02011078742795614
0.028974396127520452
0.05476142424314301
0.013870501189173977
-0.017131310107166564
0.019933008767756763
-0.029770515857255864
0.08170236944014789
-0.016012911126603288
-0.02835984399505276
-0.06543643332148197
-0.1004586210611294
0.03987975326945367
0.038438945625041444
-0.08054671221985586
0.0483792003264123
-0.1137211415906554
-0.04094892440284925
-0.09101727098741376
-0.06611437015226579
0.062239705693773614
0.033017952067880975
-0.04660505698901378
0.08953050750845402
-0.09303984206021773
0.009655238957953838
-0.008294029424672809
0.05493198307144057
0.06648545521818942
0.04168952313776757
0.030010622970039147
0.0010861104501527288
-0.06745291718944708
-0.02859906253458276
-0.007166508728772252
0.05690578332953633
-0.06465500411444206
0.02259057533817656
-0.010324623036947988
0.03528142301130819
0.030300890647365575
-0.0064929981136911084
0.011882093989001568
0.061643738115676854
0.010713898553694255
0.10286870887989964
0.033374094937688135
0.015335149359728233
-0.03950535422887239
0.03103705591548484
-0.011119091937198535
0.045051197911251374
0.0022089909595258573
0.061076295586961635
-0.041767286790499826
0.03884834397066983
-0.00482150966930326
0.07364222388466074
0.054827160029310845
0.003019066126224882
0.021902783583661486
0.021414571573347016
-0.03991997348871726
-0.024386683457583214
0.01916263285924423
-0.009931041118890474
-0.02134358037651496
0.08678516768003992
-0.06904421327457644
0.048103300425583806
-0.08220761029943269
