1000
-0.04340113867298463
-0.04079218183824228
-0.04085832170179389
-0.07384413498423383
-0.04702977783583402
0.04656927476449155
-0.032718568676571094
0.004775334033696505
-0.07662696110216727
-0.001152113503104477
-0.08036427085893387
-0.14731953018056707
-0.04465870120780161
0.01303307534323317
0.04626040078259516
-0.03924825964192796
-0.018122722794527483
-0.031523052000286836
0.02472477576141498
-0.01966799746800045
0.10070435878129602
-0.04947588007191284
-0.03749810204799779
0.004733700373852328
-0.050368031582478906
-0.05896056410413012
-0.07142157030176413
0.11602446627837722
0.009124953706819636
0.01400212058106788
0.027134314093164393
-0.036475216428758846
0.03564948894493495
-0.058826277459754175
0.0007507805006946479
-0.0632078997450068
-0.0482114480892025
-0.013226889370002945
0.04551595364730485
-0.0332895286980778
0.031808284946843284
-0.01487110159928411
-0.04248973164028248
-0.043071135465886326
0.03954413280282284
0.02597496944432249
0.04023091819793964
0.03684775024103624
-0.05831454685674378
0.0028213020862985147
-0.005166075838340042
-0.0021714062153952046
-0.03347924490395844
-0.0226321385507465
0.03409665614263906
-0.053577169777005176
0.02945553213853487
0.024518765711195042
-0.01355065844429236
0.03562581630568537
-0.016408606296649052
-0.04613019583222586
-0.0252726123943032
0.007067353896790911
-0.0013976120792136048
-0.013587410596713301
-0.04054065363558941
-0.018728410672387587
0.01589641071980384
0.007494330805324892
-0.0047170454836613085
0.03119938918548359
0.04062235622759197
-0.04986393657670683
-0.01026209111549128
0.07288111086966342
-0.04301642902953731
0.08423181211722945
-0.024687458090251184
-0.046283851110083284
0.03376804168203671
-0.02860365299023243
-0.01637512721432195
0.018632607303171105
-0.043921402596710866
-0.027237823502212155
-0.06263836744777122
-0.015365132607572555
-0.008091563872682339
0.03243593718093709
0.00986315984395053
-0.04531634802297105
0.025316025732222705
-0.01681042889842892
0.04848588275605703
0.02403864446743166
0.013692054321259176
0.11893894027545507
-0.05815384567737563
-0.0002056048058876591
0.09313918041030561
-0.05382274939244752
0.07230817767789069
-0.005270497064045445
-0.008170371744399668
-0.042012092750808125
0.09754385549414893
-0.04997578545333422
0.02958345956458158
0.02242329638394797
0.02603004890033458
0.10619363278473726
-0.09703633962547827
-0.025792952194872168
-0.05357855631911756
0.016735420818137475
-0.10087538462342471
-0.07502121391150424
-0.037258850881716495
-0.04787245005745115
-0.013267705980715076
0.003066536870417788
-0.0008628299081933657
-0.014509012392730863
0.047119794083071646
-0.08337037283520744
0.06672918813556934
-0.06329310979467136
0.08372670764352168
-0.012037120275805798
-0.03860075421137955
0.006190296585575048
0.05426414687370135
0.0030671850632645113
-0.023359826028391494
-0.058851200941609796
-0.03135043206732937
-0.0520523775244349
-0.0469549727110642
0.017807143656624246
-0.08472234080113686
-0.042413833822603865
-0.026811350828839856
0.05172617363819705
-0.006340079169705579
-0.11190175284287987
0.099134256474095
0.04207359943722003
-0.08539581899550748
-0.009482152371719413
-0.029265247815959274
-0.0008140299215721738
0.06970175920654793
0.0013478484593774296
-0.06203885039596994
-0.017065823363631865
-0.13330253963031585
0.0058241915570955705
-0.034787367019453785
0.012539630845100975
0.008065780938649727
-0.0593958160130937
-0.08854375933133964
-0.05786013520614208
-0.007568233639201005
-0.017680518874270447
0.05983135701905898
0.007281211678536927
0.007138899906300284
-0.030768165040191493
0.06293093562599437
0.019493192211221564
-0.07069073496011907
-0.009202345933543915
0.020397548796997265
-0.028267754019791078
0.1557143041925409
-0.03720555454049173
-0.020882928211922395
0.25873821447836487
0.6363018562559913
0.8550723054955858
0.905147690017962
1.0210379605087625
0.9270000154229094
0.7636363404034954
0.5472422838519069
0.3176492830951597
0.003209154966474934
-0.22116629230104967
-0.5185997673728732
-0.7251488037242899
-0.8264182572661046
-0.8882384117230118
-0.9394081317473546
-0.6507735565555444
-0.5492360964031657
-0.32034773528083804
0.08151204309678164
0.36390571816417244
0.508006693936978
0.7417834788501521
0.8580720037657922
0.8387409510001729
0.8975373181973391
0.6624952761281826
0.5371787782415166
0.3157997983877783
-0.03584342692421078
-0.26563272093672985
-0.45576495811304785
-0.7454144325044282
-0.8163252302623253
-0.8484172479387052
-0.8661459232768765
-0.5462140930113693
-0.49990703994643526
-0.2073791023152323
-0.040196486924916355
0.39757813589678376
0.4688862486272984
0.6113971496116437
0.825302795613284
0.6940216361641155
0.7627511286918897
0.6813292704384071
0.40499004132383015
0.2893155174825411
-0.02662130618437654
-0.320858097024718
-0.3745503744557841
-0.6671981826667388
-0.7155805675830084
-0.7476416826180734
-0.7527000581917923
-0.6027543737846492
-0.5388150052367962
-0.1799985769748187
-0.0003390061480361448
0.2568984615487529
0.43654692295461994
0.617807250528735
0.6505822797864471
0.7641321697380338
0.7178987205864019
0.6376935060710996
0.4388519453232766
0.20369915932108562
0.0447946003160964
-0.2261216963751521
-0.31530256730964473
-0.5919727618950761
-0.6255289818193347
-0.717142630874832
-0.6452504849454843
-0.6201011448388568
-0.3914754831193779
-0.26925555866706724
-0.09586076336707064
0.19140606932795842
0.4444316907716127
0.518626919498141
0.6497504635169838
0.7085017446087541
0.6958930713523903
0.4721743608675135
0.40943195590426884
0.17190553252031956
0.04383504735390642
-0.14143583296960874
-0.41630107839425445
-0.5287939321934241
-0.5994721905729739
-0.6734770465258677
-0.5387111303596085
-0.5592499572067263
-0.3738359355264353
-0.13418715656989771
0.07229950991881347
0.1819878125856812
0.3167423145501664
0.5257027742104727
0.5071044771961372
0.5556418039849396
0.5789281477356482
0.4540705362766684
0.3368136014355129
0.17011727836619875
0.07130401398602525
-0.2595110306156595
-0.4018159376317906
-0.49022146651076726
-0.6016186127235358
-0.5328151490124495
-0.5475098059537643
-0.4111308861656872
-0.31397910051351596
-0.18449314765507285
0.05375426351131288
0.2232011704317178
0.33852922905606686
0.4567148483044104
0.49395776499709326
0.5162267374221996
0.4315333365330941
0.3788658418917651
0.45257419109996083
0.11166460631470732
-0.061794865759272816
-0.1611522506896239
-0.3152548369601353
-0.38398327558925144
-0.4830545356534353
-0.48196456562176304
-0.42588546511190806
-0.48797255830145736
-0.3246912784093947
-0.0708423389158055
0.07775084879674278
0.17703864892815732
0.17637692387449333
0.36881757174668883
0.4138722704057575
0.4793935879539707
0.5350555439691401
0.39131008116070076
0.38731901230238697
0.20352598316735668
-0.025493066837445413
-0.1568587221474887
-0.21350571413840905
-0.3786856834610149
-0.4169050117425162
-0.4285534200261995
-0.40610878860224353
-0.4434132044760862
-0.2840259318733811
-0.18906284211364421
0.05302505238170996
0.1221207711164205
0.27518871860956623
0.4514637682340368
0.3736714098295727
0.41007426446023326
0.4206241822612529
0.3936275344662794
0.27546781828547806
0.12125306233286488
0.035850987109382025
-0.21246574996877127
-0.274070577701331
-0.31624651473296544
-0.3922683668269358
-0.3690529665278899
-0.4443071435772291
-0.3158314978860931
-0.23564379308151268
-0.16263231082175048
0.09192164377212828
0.1876182032520031
0.218053282167889
0.358711965995597
0.32984400668007446
0.3579987214932953
0.2740726131162913
0.33874401163230794
0.24480559742410885
0.10198952565955793
-0.025802695933316525
-0.07156392878420557
-0.23485865203104284
-0.3635762731401928
-0.4599514893005351
-0.31395195785237195
-0.3576019050194757
-0.3115536146196196
-0.16060964876196737
-0.04418028243839307
0.04650838322551631
0.15386443466770225
0.2659056576824182
0.19101116066054274
0.3277573262128468
0.30381335885987
0.3005141079462173
0.35082504028311773
0.2390538522684217
0.11017865815788835
-0.0447135447771593
-0.0757452257844343
-0.19798725659250455
-0.29164504499975064
-0.3237764894671889
-0.346617064646523
-0.3450019739329762
-0.2628319133865328
-0.17685399107720728
-0.03861224659263442
-0.006183376371139515
0.12289073586366983
0.18808973697157352
0.1938469352306604
0.32062233267006673
0.3880065656684864
0.34196256092792265
0.24700217111730502
0.18504789826691181
0.1533899986572567
0.05103588250691679
-0.08391204839878277
-0.23861308198696599
-0.1984527091793852
-0.27447138533932547
-0.21133913537889687
-0.19154651079639615
-0.26658103459297283
-0.20699370765086553
-0.14532897151375126
0.06225857843412126
0.11552578882557296
0.14393759813971377
0.1561276284639598
0.23499396191147298
0.3700339727416983
0.23688733463347
0.23208466325575017
0.1304609618251666
0.09942838998754612
0.004346378849636424
-0.11968086234307002
-0.17284931630301864
-0.2759933544619336
-0.24893413769763484
-0.32676120799131997
-0.27389489252846644
-0.23314190215560512
-0.20029827425694724
-0.047174973974899496
-0.06000060779787035
0.07942962734500275
0.13544357556046654
0.1590298048125126
0.30691292584248087
0.23393651017805306
0.29432189036136647
0.21553074534398264
0.16467368861874598
0.060755313433601035
-0.06813067563310933
-0.1127668640331867
-0.1474398888545686
-0.12978608740114125
-0.23884164509347006
-0.2529462248089094
-0.22211475760647667
-0.30737466168850036
-0.1985626382864967
-0.007049548800181979
-0.03198692077907578
0.10603021259167451
0.09585062843956715
0.2488697301193541
0.22033171663433518
0.25887859382791023
0.2503275569129506
0.2036287004426408
0.18375936682462893
0.06704494242351998
-0.021323536042136274
0.057136701140298854
-0.08239502244074573
-0.19109048164771938
-0.2513379497631401
-0.21930575701288535
-0.16367298353057558
-0.24022137277228822
-0.1331300812137608
-0.06382088140315752
-0.01315288512240719
0.027095924353204702
0.17186069402905257
0.19751045059913958
0.173141279155233
0.23542715701357603
0.2640737567786644
0.2889162696319694
0.22407276341503807
0.08570428964276894
0.03738296900279911
-0.07984502288094575
-0.12965811917132608
-0.15579257083434864
-0.18385917830212334
-0.30008643008456815
-0.181818509745436
-0.14194369786882088
-0.13531826550767354
-0.12744977606240326
0.06848472147257628
0.02642747063492041
0.1437204478322205
0.17654270015101076
0.24377068997087745
0.25547094545787274
0.18538422427573675
0.22093460671346965
0.19506820310598333
-0.00929572227118125
0.09439082778781198
0.027964381235077655
-0.13119002059713486
-0.07902753122322219
-0.1641414269753931
-0.1720199050832033
-0.20803686830380547
-0.16538402049723142
-0.08940794389954404
-0.03603253410126782
0.053631399491439614
-0.041761541980677254
0.09034732335991683
0.14267655624342748
0.13627774086513209
0.09127175662770068
0.16899080533902977
0.20461397326833433
0.16370893127806468
0.030512283379509397
0.007992694426913773
-0.059184681214134435
-0.09207069548383913
-0.14808427929461512
-0.13352981797058877
-0.14140050001316998
-0.20392429640392915
-0.14363047467983767
-0.10384596430178933
-0.03106976647512183
0.03634395553347705
0.11271393445149061
0.09084528021510452
0.06752921411936418
0.13102166334342116
0.13135806492970967
0.15353122851247905
0.09096767746252876
0.13042400834989024
0.08660030405264676
-0.06307360566386284
-0.07531418530733955
-0.1747259633222587
-0.09814600762984457
-0.18931008123519066
-0.12345608899177228
-0.15614002138530356
-0.2049805884650492
-0.04383941610344481
-0.062125308252421435
0.01887282564430361
0.09828070149997781
0.05457266550600935
0.1924373417482939
0.13929176714555802
0.13131263807459073
0.11773865955166177
0.1011964239333919
0.07072847005352814
0.05469673088875385
-0.06630321056527251
-0.08792796268134859
0.02114046914314363
-0.06700501494683053
-0.23355385344447535
-0.11536972406721051
-0.1497233931037943
-0.09760017610359716
-0.1192554860749114
-0.055136704982305766
-0.006742933073172862
0.04553693574015677
0.12847877842260513
0.14881662597135722
0.07213084761668523
0.07462427999809054
0.17786393630687425
0.09436461452485116
0.10362972126802017
0.024590221592899475
-0.03237537656608333
-0.09579607376933745
-0.06983225781598236
-0.2526062957625085
-0.10210763659539154
-0.12244492519045137
-0.1463163133560537
-0.17033626856916873
-0.08801284172701307
-0.03580251847747949
-0.05836382190595621
0.04665111128225281
0.07048399661318115
0.09806863731154268
0.11977127005099607
0.09297951602143291
0.07121071147017963
0.16228816849410416
0.07859225991819145
0.05712321051310697
0.061200224151322744
-0.1015707857589738
-0.03900349041942267
-0.08927069134861049
-0.11446187164670057
-0.08405254107672676
-0.009353813836436964
-0.057573026130208885
-0.12877092731167256
-0.128544540923991
0.0173252427587561
0.036224287460527346
0.12152652554529815
0.15254285177112215
0.14872719872955178
-0.003637102079498966
0.14774496259571654
0.03893889734842487
0.033764341500161
0.07868494413816182
-0.04523795900777905
0.018473297856089907
-0.06630591639080433
-0.05288949377474815
-0.07296658024740044
-0.14100012085663086
-0.15862422717792718
-0.1232105991975195
-0.01976825108565588
0.009488291750338659
0.018494937236968875
-0.026587329357024764
0.08064910794428587
0.07774835009881295
0.20179821954374938
0.07826298409914645
0.12100615555599312
0.1201013816709155
0.09007557940388672
0.028309508227207004
0.006216586316023121
-0.057905905122975956
-0.060941615807685104
-0.07196515410961932
-0.07731082016371035
-0.021127605681972375
-0.061663875944936414
-0.12594819291869486
-0.010298512062983753
-0.06216179149069368
-0.02500872522828509
0.08730128771787715
-0.007674407146000949
0.08379892706501335
0.03719324602160076
0.03388827066296938
0.1621265231558281
0.12351676427676178
0.031992055774143865
0.07225113750306271
0.037523286457919795
-0.07834898393253568
-0.08771058486861835
-0.0230126152297244
-0.13539679257906534
-0.05630342873295302
-0.05696894672063052
-0.13361317772301232
-0.024039678655056917
0.041449629256968774
0.03740962640001504
0.012948305170204531
0.08926280497502811
0.14381755645430946
0.04145581526375772
0.08216585745080159
0.04329809014927078
0.07999813376784712
0.11495079614839054
0.07390679639185857
0.013798537112874884
0.02745958243982469
-0.04290670958554647
-0.1582864037646862
-0.05614528203357563
-0.08002329061764463
-0.06176524708998676
-0.053206977610464896
0.00935645287590979
0.010871567225732199
-0.06034869706481838
0.06730221548402356
0.12333477937775139
-0.015139044741612762
0.10188916916246321
0.022494478435076654
0.06600596410061825
0.10749292406613895
0.021326702998019406
0.07205472429972085
-0.07438949679009593
-0.049820801763724686
-0.009504287064352045
0.012031566266214475
-0.12410726367139707
-0.08342952530356992
-0.012974766666211425
-0.013317304099449943
0.030138064950687715
-0.050262291336314824
-0.024756160744225538
0.030623331238261338
0.0288077010765335
-0.08803000578170161
0.16642439658862257
0.009876360459774296
0.12653738705733486
0.0561573993930166
0.017246089695312553
0.10540530079737116
0.008415127564607047
-0.023020373418282027
-0.11307784813521266
-0.04605440477653837
-0.052853577352212244
-0.08842023541792385
-0.13587734524693176
-0.029461171118101342
-0.02813496069734233
0.030088499276196386
-0.01421211620677447
0.05205690905395382
0.018660755723906325
0.06869142791869812
0.02823919896052793
-0.021207503783561517
0.07335550679633904
0.024284398266275656
0.0462229144999526
-0.037151325016901514
0.03927361363266059
-0.03358697686494312
-0.0017951144073604236
-0.08756236576327651
-0.012444758609838784
-0.09718641757938681
-0.09203879597126861
-0.07451089562187518
-0.027129135152479632
-0.01461984398693672
-0.03396884347105577
-0.0997323647018874
0.025012785413749603
0.004812366382372715
0.008383261887527138
0.11888330651892826
0.052876794999659076
-0.020442347179028646
-0.05414859985246643
0.1531411177433355
0.013810520866369148
-0.013729266801649717
-0.01980533438443495
-0.05842175471670828
-0.0019600327986092417
-0.013487248192773346
-0.018325131490526572
-0.10279003558901068
-0.004870876478021119
0.03933504914034426
-0.026741495915901504
0.01670577095271339
-0.06628843667070275
0.04866864508527198
0.04083460310861696
0.053983780985139895
0.07892804569161714
0.018557747211175903
-0.014227834478252668
0.05025932290777348
-0.016463691616368514
-0.08236097417058852
-0.1046779854089016
-0.07770385920056971
-0.04924057102404113
-0.0247379832228542
0.06508085979274146
-0.04642639966294016
-0.06729215621013336
0.04113431155277486
-0.03621769009673059
-0.04473125458964135
0.07250896056442697
0.021184362169933975
-0.02638291358283472
0.017170001674226318
-0.06174073445435415
0.08484623450168786
0.09777219676945087
0.01622893472248303
0.023245135362126752
-0.007524287717983908
0.0634783269851088
-0.05626121884120439
0.01858859284074236
-0.055039607283144144
-0.009301871669914693
-0.018131041033153966
0.03612389167374188
0.027010375380060556
0.005619901487440484
-0.041482869847874804
0.03280375473310695
0.10458054792310129
0.08044030006008258
0.08306662225803163
-0.04307780505483951
0.11220191246322721
0.06639868019325049
0.0763960224602891
-0.042562282702735627
-0.05838850478799955
0.002980719947948924
-0.01334140337726274
-0.10525402893359893
-0.05363714964760438
0.03531738465184091
-0.06031513587787384
-0.035449400158545946
-0.0149577743864806
0.008780391343640406
-0.03276818471899407
0.07109966137002793
0.040321841199264755
0.04876077697978741
-0.02998614804577448
-0.014359917651817392
0.039637210378905594
0.012433338227985974
-0.008166552656623383
-0.03403448762977972
0.00849371752606186
-0.07246052031330358
0.05169441761570048
0.04430827754782818
-0.10312969584780977
-0.07592990755299767
0.0033691381045446236
-0.054163799409523955
-0.04417491907842492
0.05261194609799986
0.03132779260916614
-0.058474635951908494
0.06701659047623895
0.10825442131102107
0.03297960375032793
0.048598932435367365
0.08549677035652564
-0.015581302497262157
-0.012471753268593505
0.01339545387464815
0.13925723736727227
0.018876191803646178
-0.05663676738804907
-0.10018061853955647
-0.0920350072585505
-0.06736418984130192
0.020536867612579363
0.05475991349118779
0.06638750886780828
-0.03394549013663136
-0.025414487936025312
0.005505129572625875
0.004850661940209243
0.04540527357110907
0.07299343267109737
0.009379078161101631
0.07563937571033391
0.06172574601973837
0.007302672151381383
0.03512649689809535
-0.054773820103962714
-0.014739251606460151
-0.05180061962667225
-0.01400028360853426
0.07276141143879551
-0.0606719321195018
-0.11441611970799781
0.022021652238116664
0.051828150449940255
-0.0774356725120111
0.046603380769717484
0.04085565018727092
-0.006465088501265603
0.0654664526617677
0.04639819332403486
0.036230625034904235
-0.01782790117458997
0.11808999495109915
0.04263074447920513
-0.04080146924037093
-0.01048883160734292
-0.037874215328329595
-0.03819570919773416
-0.05474044958351361
0.03175228828283227
0.030995090694479602
0.011837137616709938
-0.05205612302868673
-0.02545490008471464
0.002400153343513796
-0.004101917589325922
0.16271548041829442
0.0013768813178681033
-0.01099687675607645
0.04460049453912418
0.13487739159777345
0.04168267693988889
-0.023792900245442287
0.0878003089558079
-0.019563257304737142
0.013107163976075446
-0.02774144677454562
-0.014332296260827269
0.036829530231259344
0.02714116429505564
0.015351128226144858
0.021159689623963352
-0.04506425193522856
-0.008463262562086946
-0.05389260264827304
0.0097822723119716
0.04323355092766548
0.0785650546895685
0.04700927481836893
-0.07723967224813334
0.049932249973278234
0.003600340361599133
-0.021885711884076384
-0.020470509071482717
0.022719706561646645
-0.04947434684352179
0.029058855623179516
-0.10118923310591518
0.02581287306989581
0.010798551980304535
0.08581312351256208
-0.0117357294082438
-0.04707698926836016
-0.04450898639347598
0.04699996688777382
0.0004711518397270053
0.056236247467386764
0.040446569272491094
0.07413650180189874
0.10922952534639686
-0.0033734842482566196
-0.015556002753804372
-0.03336097597614493
0.005560933031549571
-0.01759478555803446
-0.039349163064156145
0.02154583642661572
-0.09434178822266052
0.00492325439905085
-0.03356655593304267
-0.011341016945836068
0.054350228663236334
-0.03635162244723095
0.027605258155699662
-0.03064621981011016
0.08316968035541975
-0.062488820484956215
0.009110943917834985
0.015209463196404066
0.021537160997974533
-0.013766982739555105
0.010934864254448742
0.026928525834482187
0.08282957761231363
-0.055836584993376834
0.01834452967062727
-0.020581224645540373
0.009546556144361042
-0.11762965962725451
0.008003034882746663
-0.013664143366569596
0.04060292451024573
0.027612982897838485
0.03631520443235537
0.009129147799695023
0.05748210548865281
