1000
-0.0609145573314302
0.1286083915251734
-0.06421169075197657
0.06850027210389628
-0.056122896894273216
0.045267578824899235
-0.06789135845851599
-0.033332170026370615
-0.0632180704930671
0.011940155803221138
0.05093003222715969
-0.06262107060401954
-0.09353966826087734
-0.003419497517516133
-0.026765740988941824
-0.00012156506553484135
0.02236577596808485
-0.015666702571823485
0.006784990695605096
0.032081545638003264
-0.031862486992693805
0.02969559975680159
0.2854066924648695
0.6164779614784016
0.8319717764956102
1.0053666335252665
0.8993985394494356
0.9123194183066063
0.8407875082955847
0.5944240115660314
0.29847367470743696
0.060422908329851484
-0.31331410024469825
-0.5135438193357654
-0.6635716377965695
-0.880408589966283
-0.957795096552463
-0.8069278801649834
-0.7195684336656663
-0.5756302322739656
-0.2953650380934048
0.052942275979094226
0.28879926811363343
0.5055938279167347
0.7937563230489083
0.7032894710691632
1.0013378369437373
0.8700505647270054
0.6246294746682202
0.4686557065251391
0.29132566561923445
-0.02225543499746515
-0.28582458873517047
-0.5270540796285783
-0.6520958176374503
-0.8519251865439172
-0.8286187862783038
-0.788414882812474
-0.6243456684774862
-0.5106581565741399
-0.22983810072688035
0.07750876065022543
0.2690951668330669
0.4287793845322551
0.6856091497632996
0.7608619207726253
0.722155498966264
0.7162730873730354
0.6090040577698934
0.4597418735563259
0.25064698680151
-0.011210612788977314
-0.2795083059944844
-0.5215012483734223
-0.6006214552686603
-0.7361439292826647
-0.8370387314949473
-0.6523358187902617
-0.5819376491948172
-0.456632179827242
-0.26339387589797336
-0.10488272704841105
0.24645676543907236
0.4429039016838835
0.5601849572793776
0.7101580874769255
0.8050372972396109
0.7208156633384838
0.5764697395347961
0.40868221259643805
0.23527685513283284
0.012354164062763228
-0.2561498191096946
-0.42258397342782544
-0.6024667682866128
-0.6215623216647717
-0.7515669310938341
-0.6284649304935631
-0.5338913539694933
-0.2960297262700967
-0.20119400531852513
-0.00315223673099643
0.22961717629727604
0.3606366593552364
0.5006425023573193
0.5956960292744451
0.6585937644201626
0.6072718650358643
0.474338290083705
0.41641258899088407
0.17573451315420507
-0.07215870380892092
-0.20099904600798982
-0.3381444943331973
-0.5527443152422389
-0.5507639704511258
-0.6280534590843978
-0.6344876531303908
-0.41033319923453315
-0.33619280078382474
-0.2719622074558996
-0.051848202027949965
0.21575235680940724
0.3464859644016446
0.4627145405148449
0.6255876561177601
0.5758313766521712
0.5009835050269245
0.43084232628653574
0.3166003741836813
0.14519675418736772
0.0011895726826986492
-0.15647331728711217
-0.29996526785829675
-0.4832865972939667
-0.5659339912128154
-0.602870206337732
-0.5310582024693019
-0.4338834236752757
-0.3129417143925239
-0.11624701002343042
-0.014478445087966712
0.18039231149341162
0.2372943371307707
0.4989184700436586
0.5262579713367894
0.6026923868840894
0.47340628807590596
0.4512187460958333
0.2616422045067765
0.11581049826925913
0.07544839848758453
-0.16496646758999287
-0.3621880018083548
-0.36489782206974286
-0.5135648231541022
-0.4109213037153571
-0.41427699524787515
-0.36007355142617614
-0.22442644060148076
-0.1532223266455922
-0.004706221472883651
0.20346107259506563
0.24582376163172642
0.3996415081994101
0.4867428193875557
0.521037212483971
0.5011586513302391
0.37308934230394875
0.3507983206529885
0.1383529907277658
-0.0908642281607725
-0.16064286089259258
-0.2598696690321256
-0.37936435473469265
-0.5229041508995628
-0.40708228135864605
-0.48703147445882894
-0.33857646447948503
-0.30460891689188463
-0.12010609359196624
0.022658096080259343
0.10087944809282821
0.23198061115865054
0.3656460367164601
0.41104933052489306
0.4791325498494237
0.39647219487141655
0.474019283196133
0.21695480483565988
0.08352639721669511
-0.03049183726866518
-0.15260927829086904
-0.29100635959895516
-0.29376497641129984
-0.39273617503006136
-0.4561307858137933
-0.4068246194154876
-0.41124753566524264
-0.26210153268044833
-0.13260355151267741
0.007929146703433431
0.14617661934391335
0.1895430342766674
0.2801158215623545
0.34988679874481543
0.3294379856424917
0.369589520654322
0.28984027415576363
0.3444781540359662
0.15604823711601168
0.030033411127526718
-0.1518168939914198
-0.29859186690402145
-0.18847106242247363
-0.39748635140067123
-0.3779313849279973
-0.34209710736703464
-0.21936631257220246
-0.22678191059765898
-0.14381060128217832
0.08650994917917247
0.1734325088909216
0.1653121374302647
0.27726720865853427
0.3709548299284233
0.34437538890481045
0.39681974184060587
0.39514214185620083
0.18245369802730327
0.03594897359676018
0.008502172560796942
-0.1697844871075508
-0.177875961216514
-0.27413197320577565
-0.3147989845481959
-0.3127117629920693
-0.2804556034823096
-0.26363698410619374
-0.2331073902614789
-0.14572216851580183
0.053280344998785555
0.09848262896156973
0.14956879643578572
0.2837894443888456
0.26803304370050585
0.33194550008508755
0.3607306502538983
0.20009652479960877
0.1062525457481273
0.12431247394748707
-0.012921550022906122
-0.11446289783785402
-0.16945813562607895
-0.2648818618054255
-0.2806139418943264
-0.327257114621513
-0.2613229173989703
-0.1558724311935178
-0.23773049161206805
-0.04716374184684392
0.02124572668062336
0.11396824507807962
0.19654202956646505
0.22391507796258162
0.3075586557937357
0.23214900637699887
0.28265263471971647
0.25559971913540175
0.1248377167545229
0.1142227772988292
0.09463852620801222
-0.13497024709644945
-0.18484692095426822
-0.19847245932982854
-0.29439462731096794
-0.3246464967134316
-0.252263617124584
-0.20020648413654007
-0.14029346558142228
-0.14634767649800126
-0.02400141646370431
0.10130150979536653
0.03451638250601226
0.22689675319778277
0.24546263091982679
0.2166202803094983
0.26562069392460674
0.23913337938037965
0.1293046261162886
0.09913173129114104
0.08433599282522201
-0.06808003331234146
-0.07017978727996646
-0.23189856702785192
-0.09403687109582798
-0.29068859376837625
-0.21491530143489346
-0.273633608048473
-0.17292204648496556
-0.07788047561276813
0.03995587091655616
0.09959295163222354
0.06618389925924931
0.22500243471112502
0.25029654132804563
0.2492579653500248
0.2660769122174248
0.1946471771798089
0.1069393748755528
0.01944831983267318
-0.07473759488487523
-0.1167608055712933
-0.18901224468550762
-0.11406337455033246
-0.27475472860105093
-0.1711699731418315
-0.2853003908686607
-0.15377995483274204
-0.08301184046085178
-0.005210771710255732
-0.023768164280341612
0.08324875867414608
0.14457966029798347
0.17996836454475465
0.18374888728315886
0.21367715599478193
0.24296130991050155
0.12505879509487527
0.2126224072414609
0.07855174516897609
-0.0556639051001037
-0.16389992373871873
-0.11705883624778478
-0.16547941512060457
-0.2528434024659272
-0.19710331754496227
-0.17260842375281715
-0.1354305389294052
-0.1233345607581132
-0.09526193383167178
-0.020824833612549328
0.09282017547794782
0.03747147416305281
0.12578864985814248
0.22710856029595167
0.10760503789155995
0.16941877860467547
0.18660264746312633
0.059630335982358514
0.08149434480850049
0.0043875953776972695
-0.0910502558581193
-0.0650473391201827
-0.1834550883595521
-0.17756934440494854
-0.1668370698591428
-0.20674120829753678
-0.14155526527855122
-0.0889088945352485
-0.08162307801676122
-0.010914036219292288
0.11732080328000541
0.13080260846189926
0.12350512678669029
0.20474517928632568
0.18458231804494854
0.12616134513592486
0.1957067669197909
0.16199712617805317
0.011658479655695816
-0.036191504997981884
-0.04348465721595614
-0.08846591246294049
-0.22998908511703836
-0.1056695305073942
-0.14706312416449724
-0.13521503527081064
-0.13209426990633702
-0.06496866226821149
-0.08272649510973482
0.061523377358387026
0.029751714727086983
0.03901638428985697
0.21179833506596746
0.1527937436109515
0.05482475224633751
0.11363858082821184
0.1603700578444434
0.14871738517724106
0.1207300579605309
0.00228881666833474
-0.048318220474851944
-0.0950360293704808
-0.09467110182044591
-0.16176843201744034
-0.09273853901596486
-0.1791616622818667
-0.020938363691658732
-0.03151231391765216
-0.08533474394883349
-0.012687306836521856
0.050318710770490924
0.03193543653367544
0.14056822331716345
0.1067044501302711
0.11763381633848283
0.11521881675394953
0.06304857692776869
0.013940874182220522
0.09050453547094761
0.011028237477040636
-0.04063102249190764
-0.07450449572795056
-0.02993883928638577
-0.15976866001824008
-0.05927348152670367
-0.18160906116792183
-0.016811211032650528
-0.1355854525233937
-0.048285130398221014
0.07087274183331407
0.14198380970151053
0.0861858265234912
0.06757618930928899
0.2562986760465248
0.12601845173507706
0.21876951650247145
0.1469140894176236
0.16052893156908238
0.10084310212825529
-0.029663016962834386
-0.027181395327473643
-0.034749229822519316
-0.04613884062964139
-0.051076127654722275
-0.10122718972049052
-0.16324005704078734
-0.10293727046321861
-0.15658684292844666
0.013974430984000419
0.06472514969271637
0.05213875847155289
0.061018320497474535
0.13755105508747711
0.04327275021526532
0.03612075849282065
-0.01448350376835432
0.1732767923807617
0.020804032635189443
-0.0007279428441730809
0.056534673689637625
-0.10881405715533143
-0.09332268038061414
-0.05534991728021458
-0.035815028382359865
-0.21331294349590213
-0.09778735870278485
-0.03527603858686467
-0.0954229245763313
-0.06049644903899486
0.03349375723110599
-0.005854113809419116
0.08230678108947428
0.07073136032165413
0.17341832288857284
0.167646369224629
0.1160017352382262
0.1250489630795776
-0.032885583820754724
0.03390760132617461
0.0597783095710836
-0.13090960436868052
-0.05793626888503325
-0.058783596442307615
-0.10885164359615315
-0.11095239662032298
-0.10456691900151474
-0.17823433195351596
-0.10313970837419666
-0.04450561897037818
0.003731586889902919
0.011144809464603934
0.09005701340924108
-0.03409638499403697
0.08061126300608376
0.05097415118989755
0.07707980849842527
0.21918621217516865
-0.0013501772751480512
0.05432413902944051
-0.03193615064922588
0.008275441697098596
-0.04247480638836124
-0.06719371066440528
-0.17104172266652237
-0.1522855544188597
-0.11659548419333254
-0.009086174061835803
-0.00853837695039572
-0.04235814208299722
-0.017718264407964878
-0.06070177161288581
0.026516493597074038
0.10575198892711737
0.04359285520245501
0.13466645290760207
0.04513377267856986
0.16372910868239837
0.09021470568015674
0.15374837040671274
-0.019824950473738775
-0.023208485951931587
-0.029389275638839925
-0.048131571396431164
-0.1734396312609316
-0.13514452895404241
0.008836485647469541
-0.036752244555157326
0.03231297123503041
0.06017885430850859
0.03479950102308228
0.045153876422221816
0.04413567745446538
0.07368037201681026
0.06955419859025055
0.022394379359392334
0.0959261607962803
0.07467280984777029
0.03728945594265899
0.08047320089236729
-0.006647521072897717
-0.029358427374054072
-0.05213005231076776
-0.04696831453532759
-0.1282466480251506
-0.009113963996221122
-0.17610642088511494
-0.04631230350513623
-0.06224125306637658
-0.048674548687193134
0.03791728949623051
0.042026882184075
0.10779064604922489
-0.015566784725719873
0.03075449900448131
0.11231949574400737
0.07018773439178334
0.059997149570075785
0.12377999011294857
0.03889615614928511
0.036033302711514094
0.05127901235471841
-0.02210289127215318
-0.03922941079012307
0.0131957777107969
-0.16976908621023096
-0.07978456622095574
-0.09772057253940644
-0.003270143364114235
0.0724641157186057
0.026315878022694975
-0.012138827910672823
0.00707553361949137
0.06729262044260778
0.14639621667652558
-0.006699247190402213
0.10211731036831087
0.0649053962971751
0.09800494831576506
0.015092661243343252
0.019436878861218643
0.029358269398204753
-0.03370253821525459
0.009580012137410207
-0.11623651929750099
-0.055148830011718886
-0.020997364161961858
-0.14430498482122295
-0.11453429978694198
0.03598593129685791
0.010889203115538587
-0.024496576802480893
0.025921487578368124
0.03892902287567888
0.02922373270934355
0.019037524668431748
-0.03918292061082339
0.009287007714900763
0.12307173397700011
0.018282384946568385
-0.032593629384545506
0.016765773529539445
-0.042445653063943614
-0.15627603293058467
-0.012954242739864674
-0.08603002414592381
-0.12972150534994717
-0.0561522401047426
0.05978557718883176
0.004199798636859452
0.01977340566049019
0.024378009476601438
0.10130587994992091
-0.04682591527880438
0.045440808491049686
0.13574089188843286
0.018203998413848003
0.10200234639513331
0.05471116064603302
-0.0243796973642792
0.033812995840430966
-0.011039347737447469
-0.06740641505355265
-0.008309184339979486
0.010469555246122919
-0.050341977827022315
-0.07890904886471024
-0.011013495471994032
0.06421437888037354
-0.054001522691674006
-0.0034422504952481077
0.012776349437369746
-0.027421427897946556
0.03497169167945555
0.09765591244187496
0.07041474735852947
0.10341235185425401
0.012064163331482948
0.03784551615309218
-0.033297833567800465
0.05003420836673644
-0.06999774300607392
0.016387274002130775
-0.07533553905742404
-0.08005412829873118
-0.008223432170389226
0.027822023178353125
0.016780652114321365
-0.0707352940477218
0.039503456223210665
0.09248381471449693
0.0004288437254996273
0.07694817622393109
-0.006577285329107653
-0.0348540964762285
0.11480207379429049
0.029836326296216943
0.0998768810698467
0.05482190290282677
0.016425864708638584
0.06970964262125048
-0.07132057375418929
-0.04385912814718418
-0.036558486406394766
-0.09623202118494906
-0.14623963515330135
-0.024647834434336893
-0.047704494865324756
-0.013920220530619386
0.08252737932307569
-0.036812480932346535
0.03677479260754701
0.0035953700483181764
0.007873829730801349
0.05432317421143501
0.09006263622365186
0.00047343382704437276
0.11738764718565826
-0.022456600263585178
0.1044439894744223
0.0769779304224339
0.024701977707714196
-0.0074280538571401405
-0.054284013497295676
-0.05665376031057735
-0.025022877717630454
0.015246371997308043
0.02248017223218364
-0.12051770205797753
-0.011092617231431534
-0.04613516269929228
0.043164338626080954
0.024557735489101194
-0.030434430886175957
0.13853883015803045
0.014305962633272936
0.030888098824530762
0.012405825903462772
-0.05222625912199952
0.029716762787965312
0.07206655239068828
-0.10604225288873864
-0.09752937717099147
0.023176760591348163
-0.09270765680111115
-0.022374416926007317
0.049103484347283115
-0.015014558947559537
-0.07424112562950898
0.04882644683008884
0.042322542923962314
-0.07449728457143812
0.005526617443749642
0.03186753741384822
0.05602190718563094
-0.02459282580268176
0.08765912559898728
0.03999999790101848
-0.03438107008699329
-0.03377331884804578
-0.019531220899405104
-0.020484227192184058
-0.022267802320203593
-0.00562965885666649
-0.12109232813802055
-0.025633550929668434
-0.04412513440732949
0.028088658214946785
-0.06304542433622858
-0.016971725449175988
-0.03649929974438659
0.042264170119091934
0.07811015851588043
-0.026117783561377155
0.07862119704993797
0.021037925849022657
0.055494916127952675
0.0737056670905283
0.0036992068591693503
-0.01312594787996617
-0.07032679134394694
-0.02363834834042814
-0.13250590127419606
0.006626410899619201
-0.04861090541171159
-0.027075297426282396
0.020849962246248424
0.03100347538531259
-0.035244243601457295
-0.14095863218445404
0.0452877308315393
-0.00036928466579527405
0.036362489788974044
0.028941675229389365
0.014904693507465448
0.05176917525462793
0.08160091021139021
0.04093648392335976
0.0624103435241832
0.10319407897933422
0.094575220365876
-0.006296774648794233
-0.04854830261783433
0.021287543703459765
-0.04165889752034769
-0.0732908788227917
-0.050107167926057024
0.015737519637714047
0.02060319384685628
0.11060216963142079
-0.006954402037798945
0.040060905478197496
0.037541455439549426
0.08442512271321237
0.09063962915756907
-0.0020158148774510436
-0.03266189468543576
-0.010337176392069988
0.07549630347061675
-0.02429761484046135
0.0888962305831085
-0.04493529756696136
0.03716209111107802
-0.013220494543849517
-0.08264034562552741
0.015501570155545135
-0.10340063960718862
0.02144887603878674
0.015048854870282723
-0.03463195253566673
-0.052150231644707994
-5.181846406024197e-06
0.01358079538042733
0.11857195193226619
0.0078962540660275
0.01653427856496326
-0.034635532650311315
-0.0018063412991226324
0.019048725665681724
-0.11631752732397363
-0.010146157191121323
0.018833922684102805
-0.11592183928736254
-0.09453704383845424
0.026399011319457932
-0.08859722035239209
-0.019478824834819292
-0.00036686267302946454
-0.051002286193950974
0.017176290859293668
-0.002615091103806308
0.15544898263687978
0.030547577291149375
-0.02532368978614609
-0.0006078662418385374
0.03213744253587829
-0.025043097341140703
0.04403271299778945
0.003301885120213467
-0.07305695504492149
0.026294261030883875
0.0277941478923244
0.0703490327232763
0.00843626131143195
-0.02653108645514254
-0.03523156775260348
-0.023271598934698698
0.020842582227070763
0.1009232061458887
-0.002921271699685371
-0.060026156628852995
0.04999764028150652
0.0310932093278885
-0.029742043357745825
0.012320953441408461
-0.0031821752822133835
0.02867763245419387
-0.0142607466781542
-0.007186805204586718
-0.059250151013289905
-0.035268822301741616
0.0003559428909987259
0.0015130621480566615
0.08062079959708765
-0.0029949649562462585
-0.016168738178447804
-0.05052400841645355
-0.07441669213718338
0.009565986631830545
-0.0640743780666267
-0.07478488153425344
-0.04390926328995628
0.05514248453140329
-0.07162832055096119
-0.014158781608493055
0.02173871306957969
0.005300508696834044
0.0518164229980381
0.015123632790445245
0.019081630023741945
0.008841603820306507
-0.028818310507446678
-0.0030698070035481634
-0.0056672185159874
-0.04850917180431613
-0.09097091782247829
-0.020021236363922352
-0.021315109314513837
-0.03909482111492975
-0.004824501162830451
0.09457942646862663
-0.011735833200075582
0.00022407783430057268
0.022437936873396014
-0.060061222293287767
0.037476983288115134
0.06123801611131913
0.012163796124744782
0.04620829275534659
-0.014626130571584904
-0.01233033924745714
-0.08085609172175512
-0.04283683193355871
0.04498897685430857
0.037283205479564534
-0.12148880946703139
-0.09011058649281575
0.0662433840507361
-0.047547226924586225
-0.07074765597801443
0.037788180147681615
-0.03816445566251245
0.006399442777464833
-0.010928150951535957
-0.005930591397544753
-0.008879170417236262
0.023585714879647595
0.015877111738755653
0.016023790327328875
-0.03313156150973325
0.05776999899957676
-0.09168635318398831
-0.08741128948410014
0.024850080913596584
-0.0402475077745546
0.06593438257251481
-0.0038735326637593347
-0.02678130959406056
-0.053799396167689334
-0.023773950533887422
-0.03130119365211396
-0.08193541808195193
-0.07185538985298046
0.015508195808170547
-0.028476872987457796
-0.08806363272459056
-0.029198642075426797
-0.07763142009393798
0.09128724013409982
-0.03542672860112064
0.017357038957613802
0.04993397955093554
-0.05070430612916056
-0.049718161685697496
0.03379366637632647
-0.03026846302123434
0.034157394629902776
-0.005601113986315284
-0.02281215100949313
0.022521974723671855
0.024513001119562654
0.0022524007814244424
-0.07488747882390125
-0.008231794676375363
-0.031180438791365277
0.03026962956571551
-0.00024511873085332654
0.01808182242249939
-0.04344501770514132
0.07116342766016111
0.027204179379085605
-0.036898368271769705
0.028567069813595504
0.052938246561599865
-0.1149675737644622
-0.026249659747928106
0.013319951057075383
0.08821650100802521
0.009206511500633383
-0.02612456818810488
0.06648970701460558
0.027342551406235427
0.015046112127468734
0.11685880003925757
0.013796940518077866
0.09163507769510401
0.09668900036049756
0.029629402493951205
-0.00985587450079297
-0.008565634991288564
-0.0044658916238769445
-0.02716830602023544
0.0025536608543468373
0.06989902987490562
0.021196381459975606
-0.013822307158879334
-0.06670168537303868
-0.007939618705170754
-0.016074336622187074
0.04258231960595186
0.024738937164475103
-0.03863158918995713
0.07274419696695947
0.042075797808165574
0.013617871400444105
0.015894478907590853
0.03233487092766158
0.009760791227967596
0.05472298137274229
0.028866129001495457
-0.02689296062307462
-0.0710893813744146
-0.020814854340521174
-5.863553222946755e-05
-0.03156901466107015
-0.04394000767947761
-0.0030038103853157125
-0.12642875759148334
0.04409472111722815
-0.013846642567556699
-0.030481497407692154
0.017922635854359267
-0.03145362031920288
0.08312733277473631
0.03724235476645797
-0.010162940524848306
0.03939633183827367
-0.024804143743404238
-0.04627413503388555
-0.06457379468350921
-0.02939356491275625
-0.05555175224912355
0.0018465086157045162
-0.041209955807966506
0.08544777744239566
0.025712289538534376
0.013841351942579707
0.03199351016258887
-0.044857201501181304
