1000
0.008402859004922093
-0.06245589289934307
0.0726150349596713
-0.045154755522521295
-0.040128038516738594
-0.10968856232798921
0.02516877987949064
-0.06436929837941073
0.026637101301312544
-0.07743021177814341
0.0029905722743150285
-0.03284826061090187
-0.027924897316779586
-0.07751372453867769
-0.043129867899818916
0.012022351644922005
-0.010999896975165058
-0.04534312133188873
0.0054731685127818825
0.09226261342846045
-0.011486165354743602
0.07132893276968222
-0.04690229378451372
-0.12878202177824868
0.010878069510449171
-0.014404763925287532
0.002023738347605717
0.018603985879441478
0.026937017481337436
-0.04245818216844755
0.01068799360691635
0.07590345004234463
0.06617860413885142
-0.005035982583926474
0.06196231332511272
-0.07429323464483793
-0.04718760385170806
-2.8038493811394873e-05
-0.03870396557007235
-0.035527017573589295
-0.10026896711040521
-0.08718544947013021
0.031043511856840185
-0.011030712157901655
0.0374748869932082
-0.01501436026338855
-0.047516749236630684
-0.02212560657952609
-0.09167868264398085
-0.01527785451360369
-0.05751779095276847
-0.019317361737089676
-0.02517153869572384
0.05300890980407316
0.028448991970504052
-0.04166984343891952
-0.0079056118838741
0.02956164816750271
0.03246420385324813
-0.011463071651380989
-0.07846229431853179
-0.02714796267313557
-0.01613835868732101
0.003337323965126963
-0.01128260401206218
0.0036135605596985146
-0.005186486207877907
0.047907616311500444
-0.058123105341000895
-0.07433184148096744
-0.022866679270510438
-0.0034586314423202744
-0.003253864562165672
0.01736088749417384
0.036180649542440074
-0.007278921169369019
0.009876417732085396
0.008766327349053284
-0.043942360922632914
-0.007742114990059695
-0.004489943805337988
-0.09805667839997606
-0.007330768533274329
0.07610946357145497
-0.0764539050166921
-0.03295977493648655
-0.005279195636683556
0.000768398252964117
-0.04352053561067318
0.06602703431188638
-0.007397747586237822
0.02255999798498946
0.02143766723982348
-0.017516664136735756
0.03985162884372386
0.01008365334554374
-0.04833583253842011
-0.009704305043043095
-0.035936649799421065
-0.0307258850713874
-0.05131625576180987
0.06268764890558863
-0.018089817004741743
0.006961339483336455
0.038617918326972
-0.02590522732698286
-0.07014767375269346
-0.08001387340483418
-0.02199932085906879
-0.09582298630116848
-0.10529354904906892
-0.08290195518619888
-0.039094294133611505
-0.01963013630452749
-0.07763809320367748
-0.039756469882353436
-0.0005959987844130428
0.032079791211291224
0.06027604392443658
0.03746681990899859
0.0008112699145375083
0.042295081540563884
-0.06445162894368904
0.015156706054671485
0.011899567410148193
-0.026415483463040998
0.03245107426443905
-0.019738578398219127
0.026362111714584982
-0.002758621333056467
0.012140807763114339
-0.01622157707167367
-0.045756301141087904
-0.0847706171964303
-0.046509685616450774
0.0017938698901119286
0.08560693335409808
0.054169434784379744
-0.05971903939689789
-0.040068072645795774
-0.014049091557834624
0.012086592130725878
0.027178376593667366
0.040984591121767444
0.035377790202295305
0.02650574868946693
-0.04729631704684221
-0.03688144907390698
0.28812473528342786
0.5548821723597525
0.82653392878305
1.0279036084017126
0.985840123448646
0.9341105337940262
0.7344688529686997
0.6509319268214921
0.2685224024067374
0.014976440469839359
-0.2953702807579568
-0.5915955494923756
-0.8015646107918832
-0.7978930685461766
-0.9124387685924911
-0.8340292461038898
-0.7857159610241852
-0.5231603893595721
-0.19025009296214196
-0.014982194329333074
0.31920213932048275
0.5821855402864855
0.7592913149515685
0.8548913459181895
0.8586169427423692
0.8734575634956351
0.6562621145671214
0.36387049352564016
0.1892431364360574
-0.030734389390052727
-0.14918539396121244
-0.47187214235674974
-0.6932342545726146
-0.7737919045347701
-0.9131339310414235
-0.796527083872077
-0.6270018091858027
-0.42144396080959684
-0.21721119503974343
0.07728889170389702
0.2422894142848312
0.43663303684312066
0.6459619134766449
0.7216043248172246
0.7558990010054157
0.7661643986384111
0.6143453611851712
0.5120231069280036
0.22646463497372704
-0.03414400721160312
-0.2538659464276211
-0.4235772348209272
-0.7214994995583243
-0.6991674267380782
-0.793482461068976
-0.7590658736623498
-0.6260550549560807
-0.4262156245203033
-0.24269511977788327
0.03345700803952906
0.2731001927533618
0.3640342181972213
0.5334358205852717
0.7510721532381699
0.7257057276327393
0.7806027956325552
0.5978221446413099
0.4295891585931587
0.15611699019773767
-0.07363631369514279
-0.1417922409392688
-0.3865361487049125
-0.5443239199638016
-0.7086130132600006
-0.7259415092411365
-0.5113762639791535
-0.5271126539502415
-0.4185720206875728
-0.17027591967066827
-0.07942530664575496
0.19557375558965331
0.5358781183067536
0.5816554984209759
0.6643207344934132
0.6530248829063872
0.5423344825498755
0.516027625534402
0.35209534325527136
0.10251709751008324
0.01583773298344836
-0.24982408273014522
-0.41669952029927404
-0.4490184509594417
-0.574308952184527
-0.5995595464559883
-0.5834048875154473
-0.4354406943235517
-0.2743117312918111
-0.16851276973976112
-0.04209644614398616
0.17810284657872671
0.3944753651610431
0.47951689993602753
0.513809404289493
0.5432452762172174
0.5985606553763215
0.48901381595951926
0.26664727486854567
0.19116613351627285
-0.025384026618445403
-0.2096632779088922
-0.3307948844768666
-0.5419030705614211
-0.6041210349470316
-0.5807287750164232
-0.5774710504847661
-0.44333477843760516
-0.3561099874024679
-0.1212602007715893
0.0006647668658938949
0.15287952392457005
0.3696788476090014
0.42573657583547714
0.45028725498596583
0.49956718183406956
0.4871846006936998
0.4267698781727352
0.36853383677336765
0.08747079671281717
0.03585616739901406
-0.22422997116973936
-0.3832370650717942
-0.4090688288886001
-0.5027598261816874
-0.5468080155109695
-0.45026005136669994
-0.42126610131111747
-0.26510393736072674
-0.1937499139503357
0.025301174636477852
0.029675329161413827
0.3425115768180066
0.3874629323106194
0.468948913240005
0.5432635009061384
0.4174043203631004
0.3777743151183838
0.17124948426474135
0.12939537780483887
0.01746872459502558
-0.17586628993908338
-0.2402701818618507
-0.32581535680997314
-0.39276095384038634
-0.4198352280565819
-0.4499221390229773
-0.23642513990414726
-0.2606967868807483
-0.1814326294139195
-0.05191380789812243
0.0985317074625626
0.22196989583029708
0.3264057234244189
0.3717856705607569
0.3362200839559999
0.43592614362862975
0.31700007092258176
0.29826276960796017
0.11678801628086642
0.02975219764355031
-0.1618068541257224
-0.22899257116371052
-0.42598225534241624
-0.3685004488407447
-0.41512377066731326
-0.3214683838337943
-0.2668449190752219
-0.27520076669441573
-0.08805677823954752
-0.05247448264447452
0.13065399831364508
0.31078459378488194
0.2885230819117751
0.3326881123980435
0.43793670616412084
0.3482892422383975
0.35503378148015685
0.14117732443504874
0.10612216064484506
-0.012672430723597755
-0.05388962796746183
-0.2158971318997107
-0.2647787727581064
-0.41055809543317556
-0.35464094326761264
-0.3434271208425467
-0.23265654019110876
-0.21916972599640427
-0.1702161231494632
0.04149604018366728
0.08526094348234653
0.17877704205401987
0.33341332599087525
0.41915083014054183
0.44952183646489974
0.24072636006398512
0.21131447249992147
0.17995737328736272
0.1421132355977901
-0.03675142855766674
-0.06013900340074527
-0.15692461779957773
-0.2463472805898951
-0.25460276247758673
-0.3128956093142244
-0.3380737367720935
-0.26032587346627895
-0.2891168096757869
-0.07530070449655188
0.024514931943502995
0.03588342896697082
0.11828419393389672
0.21091192482375357
0.29435055058240056
0.31335517152417874
0.34194874575259865
0.2826280787771369
0.1670044826015334
0.07525554110839779
0.012465173384845984
-0.04684824109493903
-0.15650749239405604
-0.23898555936381585
-0.30430516816420733
-0.2875851961234793
-0.2739809102986839
-0.3142381076041859
-0.2633700908420705
-0.052767434585872304
0.05506912292688015
0.04893808746314343
0.13787725410449161
0.2532135000448003
0.27201366301921065
0.2891933194541102
0.27591465993822184
0.31102445288200586
0.22256207167592962
0.08219687276066726
0.022984097398443686
-0.024444885933799218
-0.11357040697477291
-0.19615400459188903
-0.2693745299176249
-0.2412574551541317
-0.1781734519279765
-0.13415861578778138
-0.1084986529330338
-0.04632378963599647
-0.036255714631903455
0.10327315014615772
0.1181938027820843
0.17017756624660635
0.303705521427777
0.27420132510090345
0.20391875671667292
0.1601340151063198
0.159240451119022
0.037595539154247244
-0.03382844607981385
-0.13252996766263675
-0.2300356929535034
-0.23225365938792594
-0.20050356486039736
-0.27148509158561057
-0.30896839474754956
-0.2868888501985508
-0.17916215672929417
-0.026546098333221822
0.07530988156952821
0.12807971067987262
0.1501328386407386
0.3029026839060198
0.24384998949498968
0.2509681221841835
0.22135019476186202
0.23948343252852566
0.08278589932473239
0.12618171445489157
-0.023394368069519555
-0.08903970282167631
-0.04276148717413908
-0.18421463474669958
-0.2153487298363736
-0.11890620539332855
-0.2516905640752155
-0.18243595610626456
-0.1368193367706919
-0.05298193028043406
0.08536340509622554
0.03167850487733852
0.10123661770181036
0.20830614918401386
0.19869849086883717
0.2850959175787494
0.17435766987405887
0.12914954042762913
0.17271180574445924
0.08414197037640209
0.00895913120173897
-0.07069828176411158
-0.12535868087802732
-0.18736062955737834
-0.19868461822137387
-0.19953951664604974
-0.21641016330958207
-0.1675995261406509
-0.19361104214933622
-0.11212041227329447
0.05039985163940601
0.07776357224294037
0.08079134938312388
0.22863156995919334
0.18883298798975018
0.28673103177947
0.14051988576987978
0.20984783776771287
0.10353747128821933
0.062494959147188
-0.026733562785880977
-0.04568731042507955
-0.06408226067423399
-0.16036025956559197
-0.15859972499208583
-0.19929272715651028
-0.11295545014407311
-0.042051095451931655
-0.05713121404775817
-0.06483461764414172
-0.01902499569810912
0.15660017296660367
0.10686527519234436
0.0861955600817712
0.13814771410801097
0.16250455445532208
0.16362795052667137
0.10610669815331042
0.11570484155350537
0.09157712005457558
-0.13078944335954965
-0.05020193392540193
0.0008499913054034608
-0.2359267065916476
-0.1404988196797317
-0.22447054043035658
-0.17774516375674904
-0.12873180061068015
-0.0786119160237861
-0.04739992434079444
0.13740874122329522
0.10825195719573433
0.1431674426447083
-0.007900197931361264
0.09381899090699808
0.12665762641252515
0.14978460784705683
0.1698686273239923
0.10650904077030188
0.04997352738732369
0.012284499027021117
-0.10998917723105227
-0.13671348183034712
-0.03666060092848601
-0.10065865121351764
-0.1898849864756198
-0.1372604979022114
-0.20358449665600853
-0.10050559091225007
-0.09612305784384885
0.08300146651357253
0.026340515624315282
0.0864943007237575
0.14380426382557934
0.15846581526647385
0.13440492933076825
0.024180539789848715
0.2056080928927511
0.036877928124613206
0.06112021721807151
0.042328008362369045
-0.04115041496024593
-0.08650369385982315
-0.1513815220889062
-0.07749099487442222
-0.1094158548736017
-0.10671601845355658
-0.10368891079742588
-0.12666601144390915
-0.09535896110300299
-0.02154147438422332
0.04147384165534258
0.18309800060069334
0.1449844355192193
0.13186614911172495
0.11253331813932135
0.17882168080743022
0.046093516715726396
0.05952482895038991
0.05526576907080113
0.03014067919215591
-0.09800308300910737
-0.10762526439408802
-0.06805708519443371
-0.12359707033393548
-0.09274426588008841
-0.13559410704491498
-0.014962597145796161
-0.0820413445803361
-0.01006930772402008
0.045424049137874116
-0.01451874038813044
0.08536862545858707
0.02906208638021182
0.13894660543113285
0.18695635373512182
0.1919762108213314
0.03315317380692852
0.087514945781786
-0.03191920089245138
0.04251404952803602
-0.023417702096839528
-0.07657476363107316
-0.11994111168009049
-0.11061930688685331
-0.22501671457431288
-0.12328297415179963
-0.18710097447613974
-0.11836927401849939
-0.11768356094567267
-0.0314103134731734
0.03923819462568654
-0.023611898945013005
0.09682570690772603
0.032825403088999325
0.04372962773860867
0.06024325162554251
0.0293685558455435
0.08964417922665871
0.12324405271880967
-0.11121902312877552
-0.006828884461779532
-0.11746334444808354
-0.10309022193383688
0.0011747739080240766
-0.09581628203869474
-0.07580282994259083
-0.11146083166743515
-0.1018647350955276
0.014131196422026742
0.0449215164823303
0.09884116286171407
0.09363426094223032
0.059553163143383034
0.1251160462751857
0.06746133864520956
0.10655369883440555
0.12624083289224408
0.12209953779934632
0.01792041917987871
0.007204096663517166
-0.03993808800365905
-0.06873154169045423
-0.08079549028980516
-0.14212855682632877
-0.108353628737523
-0.04964809747687156
-0.16929255410779093
-0.06958393002600823
0.04231741163648223
0.014661293373556714
0.0118987438499625
0.1266551065176093
0.20439221063086027
0.10031162768278593
0.11766406712511147
0.02689069893607683
0.07776798218239332
-0.004369384596618502
-0.05498661403456852
-0.02492953691319617
-0.01701115340684387
0.02044830075667286
-0.05455548932358357
-0.028480579823029817
-0.09351823611706224
-0.04886150631576529
-0.09423323290535579
-0.07406197075278009
-0.04562425896651749
-0.13320667262916785
0.0022082664145253554
-0.0038706241283496395
-0.0037818400740369934
0.14225667414165294
0.15407822814789363
0.007182312699849841
0.05872478947721273
0.04780132409008409
0.07474527664903964
0.051326969109315015
-0.04467505968167033
-0.13203411822105401
-0.04414827711566464
-0.1377264363678281
-0.11081215623059501
-0.06564152392165196
-0.04149341670115274
-0.02944268962604442
0.06766767368317186
-0.04750501007559691
0.029906635917124422
0.10782749504943162
0.08874781276438772
0.11881785708473616
0.19380985224236844
0.06058521712244337
0.0430340203061606
0.061506476769462415
-0.09348562466750888
-0.026289209126462626
0.06651187551662671
-0.05666363058191857
-0.07514619519712071
-0.13515703525556563
-0.06936117865707206
-0.07474395743541246
0.02721571152912239
-0.04692971750133438
-0.05805562061512485
0.04356244173153727
-0.012928792319052442
0.09900345652404378
0.058016260856402
0.02910683678785654
0.0535154520435754
-0.02499587241329103
0.08312643379958462
0.05131249757738633
0.07803053225286502
-0.11341748025207782
-0.06394057594853787
-0.08809658769934711
-0.12471249326332551
-0.10312586318473693
0.023637737716946966
-0.045135291508849124
-0.002317658917008289
0.003171155892537643
-0.07096540643054354
-0.001408777410756557
0.06647846810765062
0.06647403335295848
0.05503186026854869
0.034600651315888395
0.02800298357341023
0.03162795414706204
-0.03968711785257842
0.07200990596415416
0.08415584560263545
0.03256093795152038
-0.09290264117423627
-0.04325442590640337
-0.1048826558230298
-0.031694003854602526
-0.059914175298309474
-0.025788789751095973
-0.05122300595929397
-0.06269772713193067
0.0015369129048643168
-0.049972950054849405
0.07229395737831831
0.08158614149330687
0.02204895971130154
0.19118759079553987
0.042917440838687565
0.1979835634226248
-0.02815436315207532
0.023840448725623832
0.05806813549401052
-0.04633646351056834
-0.038962694531345723
-0.09004851047488432
-0.051208745075199825
-0.0108570046149917
-0.025042605898521687
-0.06228637527592819
-0.022566839366717075
-0.03764119571126954
0.03834652929276921
0.01170193776364031
0.03314735316309533
0.03188047191259237
0.005769606967694137
0.003464488166883925
0.07232001897578168
-0.009654795772024619
-0.025596591913219204
0.07068749248728327
0.004059874292487916
0.05886954024062603
0.02595996918197761
-0.042080235555307384
-0.09649785113107354
-0.05711107110965931
-0.06891409594228322
-0.11974392230025227
-0.0977396259621264
-0.10000054549491795
-0.042572306994580145
-0.04725441413615455
0.0524960133071536
-0.003825115616638123
-0.06250145200821022
-0.0069613121890958335
0.024981106995611093
0.06886158256947023
-0.02201889871003959
0.1159667766580997
0.11693039606425029
-0.05445231140722459
0.06986499460254596
0.032508879094726426
-0.0020974796311034327
-0.031479867072546235
-0.04967053352097267
0.03448089255648176
-0.05850220848514965
0.01269117490747531
0.00013624071364498787
0.046853271265248075
-0.002337573676740397
-0.020245850545031703
0.06130498812309227
0.07268633012488443
0.07156919631530269
0.06786625366342594
0.09302072777949955
0.0628143013074499
-0.0430147094558323
0.02907687972320746
-0.06415891222777523
-0.08630001741083274
-0.0038282980369246655
0.008558734504772833
-0.036157969460040684
-0.02853255818940981
-0.0018838972426974895
-0.11687403085879348
-0.04294426589000391
0.035697628960807144
0.04715850849281232
0.015880891994342165
-0.05532959748797824
0.041393717594916925
-0.019570966439449188
0.0484831959788567
0.03865117441641185
0.05629835860003991
-0.020215864066513566
0.012179982279830642
0.04752475490430685
-0.04055114631682125
0.018745271074859148
-0.0785550400929109
-0.07767753567980758
0.07047037647553267
-0.0017265515748648638
0.0060714181763723216
-0.059783302718232886
0.025228284793829707
0.05773669150481439
0.011521967364417678
-0.0036433927943142833
0.07757233318908464
0.08965325304377525
-0.05455416241573999
-0.07370577666939038
0.051935421019412786
0.05209695709205202
0.018137950184551006
-0.044183336852351554
-0.0011009522686356611
-0.0654204696869564
-0.019965161388296102
-0.10939024072711236
0.02949261128595811
-0.0329661911856747
0.014178235651061816
0.07546349784542841
0.00922021177190828
-0.028377452417391327
-0.02318864090224081
0.07878867094158033
0.06122036579125076
0.002455125488881958
0.0935649559032801
-0.011674579698197154
0.06469008645005214
0.0176254670317795
0.010126417080220763
-0.03367714437976575
0.02746360948918256
0.026089623404080265
-0.07920053994089395
0.0048830912212276464
0.03676056191019503
0.005092706529373898
0.05277388280168907
-0.027406463294332797
0.019595238323390794
-0.017133608131355296
0.012109552455760068
0.03469477394128954
-0.03148188064085319
0.09861693941459243
-0.032668489144012575
-0.029556270243647636
0.13968853549710208
0.037551723387591905
-0.015599149529192939
-0.001965873380282636
-0.02324989192911185
0.040085763112972794
0.0018448836677509572
-0.11739651850194907
-0.09413615174140436
-0.016451501640012287
-0.027558448311506792
-0.016778464580597015
-0.05112040254614774
-0.035926900172956286
0.02032993796858293
0.12929520502879183
0.01177732201567855
-0.08665261218470302
-0.04123963407427135
-0.01052831734042612
0.023835403651688042
0.02995947822858778
-0.029330678927744384
-0.013551472481815797
-0.018799707446218932
-0.019720814081117467
-0.027691414138024478
-0.02728605986736133
0.045896277960172614
-0.04179386575512405
-0.04158176298606706
-0.010411584214662473
0.01909315678603882
-0.10133438052428921
0.0715310520824981
0.011839475162762559
-0.004073561305875051
0.08802005417723359
0.04322225246358229
0.035559612085750925
0.09870451214933862
0.010012610005429547
-0.005867858447702487
0.0137440684337644
-0.06037442903511735
-0.02705784370915917
-0.03862426236886558
-0.08025111440357205
-0.022709886508371635
-0.03563528696780298
0.06928845592840316
-0.06357492988762459
0.01040538299360261
0.09099933121469167
0.06201833658995606
-0.011226223555924536
-0.010087180504885902
0.029650170356147157
0.0645463164086263
-0.023113081159968962
-0.0008948764217648272
-0.03818290223032816
-0.032428495506455414
0.0041783042711918406
-0.04316597055344032
0.01939698900509621
-0.06705003275393212
-0.055180241037293035
-0.009581079541796642
-0.061374173094921214
-0.02343022447871651
0.07153561630640613
-0.023976111962122206
0.02651427297812892
0.09955612092976905
-0.029473330436180525
0.05958689581472243
0.03615756153894288
-0.012116462002645101
0.04447147287224637
-0.007479199814731606
0.04377997421412485
-0.03476735683834066
-0.043615350460752954
-0.021877133801561168
0.04962827911635659
-0.08087001358942744
-0.09668951188222315
-0.054317316996913445
-0.06786882671954186
0.01821665579965191
-0.04811545099496433
-0.004158467044292559
0.0009808480581119374
0.1164916553366076
0.01725011587516289
-0.056706728108843335
-0.0066380979856790236
0.061073273409360376
0.09174413987184359
0.0327666936860892
0.015356895776779893
-0.061080992956838887
0.05662519957108184
0.0002727025509706594
-0.10318027021651824
-0.03146989307034177
-0.05058720455144987
0.018125450312124453
0.04591323423329483
-0.02139650209937611
0.05218700235457256
-0.04086862332148053
0.034441160611187197
-0.038940098950447866
0.020148033833918208
0.019272755622060232
-0.009661590982550967
0.15364201581069015
-0.030304356407406204
-0.026452455638419886
0.08424709949405855
0.03965294723356313
-0.04865009973658778
0.002022217199133359
