1000
-0.0006311192172130595
-0.020085210019275285
-0.022068198004828486
-0.05170950105573657
0.009262678180239943
-0.03615712916844461
0.038196628620019005
0.056939368379422255
-0.06833805774287392
-0.017035206432727948
0.0818555377162457
0.0008287051292531514
-0.003892542179703672
0.05326774896671941
0.08825466553379822
0.041668880688882165
0.05034237881273962
0.017128484809528662
-0.08806440364871762
-0.0064327378426377625
0.058285254142773246
-0.03696199455484095
0.002434783090107497
0.08640447827420666
-0.04572414872723613
0.035736746200314924
0.01872573381816037
-0.014969105277125106
0.020515822103853696
0.034164706469862686
-0.052368738269115436
0.0002609133681721508
0.13037142045344902
0.00018268312020329025
-0.023594513380515048
-0.06114670761897694
0.05196770794525495
-0.053031304395652214
0.05278102318338632
-0.011492928477685953
-0.006131190896176288
-0.08824711805737236
0.01408270385803706
0.07056328259362482
-0.027667255455263474
0.0014026172762719442
-0.028376944019133363
0.016233801361452565
0.019399086287679303
-0.007594954541845115
-0.11681158303306421
0.002519876127654578
-0.0027826278469178655
-0.002111242286159388
-0.031046292489179023
-0.019717078480364917
-0.01019378541043499
0.0039878925946589495
0.038794345298495854
0.01310957663824773
-0.014581082389024311
0.014438632462764027
0.051861433957173735
-0.002009055635905275
-0.01678320026928184
0.042087141823909505
0.10712724705893398
-0.009178148700587602
0.0774923564631467
0.06989534484618956
0.005069181472154318
0.01755090884366225
0.0031500055073645627
0.13522104742921107
-0.045885973271076644
0.05748861985414242
0.07047616954886697
-0.019145862809845718
0.006401420665811214
-0.074738280132668
-0.003103014252798436
0.009241936024294888
-0.0057693017299951955
0.026844538122629488
-0.025851484676288033
-0.017692791153228842
-0.09403654727186171
-0.08352893141752464
-0.07275510869702805
-0.051444927324972536
0.006750787257101908
0.050263961467521656
-0.10332810356741487
-0.06288310384836689
-0.0462928566924054
-0.01174646475766107
0.006103999346028597
0.034835357733948163
-0.05844561450567868
0.01406755912640946
0.033336010058711674
0.04300960991120707
-0.004442847897933517
-0.017597843839955548
0.062128363693161805
-0.05328758777076307
-0.008432095996431476
-0.025723293988177076
0.06346535094525457
0.13764189302120608
0.010673331575424648
0.01919503724223926
-0.031101125761620253
0.021438147023879636
0.007517920503371378
-0.07450292383043368
-0.05548968460806739
0.017507115631024535
0.17149531259248108
-0.10278479173666964
-0.03166649964714845
-0.0009279292846193768
-0.020304664569696866
-0.008520344893585738
0.04655842520738412
-0.00643476839805035
-0.015470666857534336
0.011602741845549935
-0.005457695319080726
0.0038206361159040694
0.04372762812433314
0.04413756901430112
0.08324974783200245
-0.007136289004153047
0.0024788634249806856
0.02372759472211794
-0.022566645996528446
0.051582600585583775
-0.022402817855155993
0.03394774366612076
-0.042111698811187044
-0.0003738314603486437
-0.09932646244978881
-0.04383154205177912
0.009335569626409725
0.005804177901141912
-0.02667407882554811
0.06480399205626824
-0.02655644202672335
0.07848447936575804
-0.028240193085380578
-0.13470862833863997
0.06696400300726432
0.024490083777564373
-0.028576577471476173
-0.06825612809314033
0.009138815014373424
0.061951393904498775
0.003000397187874939
-0.07024568651874628
0.007876750782408988
-0.024148668312581424
-0.0036990348431737105
0.07610371195224584
-0.022176093374812904
-0.010387676845994377
0.00314569388789244
-0.005326983158950918
-0.003755885363611148
-0.029155647878031456
-0.03443184120154958
0.04099155758747516
0.05295105370179091
0.030438183926182166
-0.061803191951127746
-0.06714893016179926
-0.040983206652545026
0.047730824727825444
-0.020156650665913555
0.05140409975634307
0.042823086083471844
0.008052972726639076
0.0692171295926104
-0.004081484114435677
0.06756574256308638
0.025533292446235784
-0.0670200807661379
-0.05931283639905116
0.027711151523057816
-0.0034641360223573846
0.39882554637119316
0.6054883325487089
0.7698739730319026
0.8923874678496657
0.9051010755825604
0.9596931235982157
0.8290665939711432
0.5936284802324042
0.2765182692762498
0.027863886324670076
-0.27636356526849903
-0.6169531292279238
-0.7796183817791449
-0.8768868337209855
-0.933813767899349
-0.8833641707668314
-0.7556304723524153
-0.5241414149437155
-0.2691861271459803
-0.052691146973736384
0.35398205651312026
0.5339659379882432
0.7227207724066942
0.8837094967402117
0.8912733840190954
0.9393599270882951
0.7977977193495885
0.47701210820185214
0.23567356831411893
-0.046782723556656275
-0.27594256653606164
-0.4952290902847767
-0.7421651413268747
-0.7176490187466649
-0.8957182810410541
-0.8094694220578394
-0.6974756146388378
-0.4592439681844577
-0.2333445620698711
-0.008366605928781573
0.27374088213053005
0.4044452235388132
0.6632354028972391
0.7020838853246284
0.7810395247565085
0.733605807172865
0.6355739723799989
0.5110144885690027
0.2082919642124031
-0.0014688875114124752
-0.2129464409687992
-0.37379057161806595
-0.48474840716873724
-0.7131080893778856
-0.6667224513970947
-0.7034101435609666
-0.5750151945015916
-0.36159466314367406
-0.08023000659646856
0.0579559819294445
0.14082264610401218
0.4131342087923907
0.5882638889443534
0.736859114224045
0.7541955006223038
0.6305342925370521
0.5913012329684749
0.45062408192719955
0.24239826303519924
0.046422801536350304
-0.21455837730140523
-0.4089964572013917
-0.5056995718908144
-0.6256761107492113
-0.6657409159620703
-0.6185955527868437
-0.5479712627961655
-0.3674235777402194
-0.2505626119747666
-0.013219703985835383
0.21514327479912773
0.3518567114496757
0.5151355488159514
0.5346836973081173
0.6380050557173477
0.631120907251227
0.4383691531430557
0.4455326456040653
0.15407266492636087
0.012443806512013269
-0.20728414533273865
-0.466229518081695
-0.40936148856016
-0.6312507423214061
-0.6764105838037849
-0.6092190385480728
-0.5545093026111566
-0.4458049190820524
-0.1208702287707119
-0.04170831853892822
0.14376718660484317
0.34728539244114576
0.46258129318979024
0.5825009536343966
0.6171633098654161
0.5837811231197942
0.5670785013881124
0.30954994240635614
0.23772198140981116
-0.040488391274005185
-0.0966319921212579
-0.42804238552914725
-0.4579263809650273
-0.5236464873409251
-0.548451510587556
-0.5898349200975169
-0.447426852436046
-0.3145696671156533
-0.17518105297433026
-0.029567259280993408
0.14926135250913583
0.3757914356191337
0.3781311581617369
0.5193319840283066
0.6038081097431037
0.5619002508827702
0.3064968658169399
0.30765575745580404
0.23218190333973135
0.0783033765688012
-0.17834143873272945
-0.3266496346860326
-0.4116565882243066
-0.5220756875837496
-0.5128260987179472
-0.5000756375679511
-0.38043273811556483
-0.25521945651118005
-0.2342869320805967
-0.057752703881849145
0.12434218003989117
0.2690555273462231
0.4267062712864307
0.48804343829009816
0.4885239404705167
0.39220474521103565
0.4797087494514469
0.2780132040551881
0.15886633613780146
-0.00849008962907683
-0.10154059129253987
-0.21810230707942177
-0.44176651297821623
-0.4388542461311197
-0.41659699900763364
-0.40748221609721424
-0.3303756715059017
-0.25522466745755285
-0.20190332020938254
-0.05453388337287056
0.05610701523061387
0.2441154256561345
0.4014518681810402
0.48604160309479605
0.5159434542517162
0.41089231657049613
0.2194877199205499
0.23905882194851108
0.16946627966569708
0.09461013830376037
-0.10443290024801069
-0.239940826661561
-0.3449514540574748
-0.37542010085033617
-0.41394786516748117
-0.3701684241627609
-0.22885768320202537
-0.17539350034644186
-0.15300170096408533
-0.04872642708850666
0.16385822938588723
0.2898384208963679
0.2703253879026771
0.3583256875459683
0.36237015101535736
0.36154333262394506
0.37331436492935827
0.22513133094212334
0.0650709079883357
-0.058656281104327454
-0.2091096420720147
-0.2606055450981065
-0.31611854797404304
-0.3904492622973861
-0.4862727651940347
-0.3718184858684736
-0.27599650389755964
-0.22657221523595758
-0.1182573908737961
0.0017780054537397242
0.07312297073097135
0.2599017738048465
0.278972219901416
0.3173388013486197
0.36779905049758493
0.41537482796869046
0.3379605700887825
0.11024566812882337
0.1520347822158314
-0.016386842530302544
-0.03917802717151986
-0.19761758425747544
-0.2971607448886636
-0.35892346284429033
-0.33471477607512584
-0.28906288701283017
-0.3769439314624993
-0.2650864393401256
-0.13003651053595253
0.012117248858431674
0.04128004199438462
0.16007508172847035
0.2994507498420882
0.29984030370172565
0.3544484498620818
0.3201592352210381
0.26907028848646036
0.17340707469396774
0.13821555050998297
-0.0777583231871982
-0.08841856709860796
-0.19681600916368766
-0.3196221537572527
-0.30159081092644535
-0.3339264404511395
-0.3348846090993291
-0.2561003390669959
-0.17983168898009774
-0.04778976827346239
0.009992219555220037
0.1754540099062868
0.118021142062951
0.3094214479435269
0.28418507648141333
0.3973253990845667
0.21202218800043507
0.23622189686337314
0.20494838557504624
0.0709095824643088
-0.068794576668499
-0.1051318601826988
-0.22525163979083873
-0.28987058543589417
-0.2691749173378944
-0.3246259420634733
-0.3006301022012609
-0.21033190551425318
-0.2748289556050605
-0.026969107255881614
-0.02345306564071839
0.12219477424895903
0.1770856815932248
0.15672613477694347
0.24077867113188087
0.1955362802674916
0.2487362328354485
0.2643449916098056
0.13868205284606594
0.12617509615407907
0.007739230039526571
-0.060605514893951495
-0.07952449986084326
-0.242261355290098
-0.358488953211011
-0.22736538306102486
-0.1958619873514802
-0.21233567709143464
-0.16990944182907697
-0.10563440133020996
-0.04765593338160971
0.12008623597589063
0.21341080761165404
0.16122159759096322
0.2224884947852637
0.15246125406755862
0.22490644520185324
0.15252677534129627
0.150119834259657
0.04420715068707154
-0.009038138354286426
-0.06017696320176472
-0.24141877974960949
-0.12891612964172144
-0.12430005361154617
-0.15561611199793
-0.12594462333393625
-0.17831724054059464
-0.10629606585972028
-0.10543217810531709
0.00424325615247554
0.11413958234767241
0.09361766613667184
0.16586865257142916
0.21852932372248118
0.16564990991711853
0.23697282331714442
0.044716854694996616
0.14968803873143605
0.08298988236811883
0.02119116651604229
-0.13699500809856266
-0.08066793156722504
-0.1281822409975233
-0.27853940728394844
-0.15739828490281907
-0.23079316273066583
-0.1084395283875465
-0.03757144505661898
-0.05129054744219733
0.011462114285858744
0.13240350927836408
0.13758522173703608
0.07545838911881818
0.2603994057489285
0.12666015557847782
0.14356524922114922
0.11837394385520025
0.04780386254370966
0.10037078428522252
-0.01848291603750799
-0.05750330526114303
-0.18355370777963248
-0.17801539297448735
-0.12173386041665564
-0.15421403738358916
-0.28254371541410417
-0.08416282680645244
-0.10061794612092952
-0.06601535168415765
-0.03565399576966901
0.02902750958385711
0.04321175582072412
0.16003448981991847
0.13577603502157798
0.12522480146354337
0.20949367748886086
0.14253532435025848
0.14463790111427527
0.04808573554185938
-0.01307900812621666
-0.031294093095281965
-0.06452938016936766
-0.1512416667493626
-0.19824464895161778
-0.16944184805776322
-0.17712780703944458
-0.10308443612403811
-0.10188527405932815
-0.04405656411094977
0.12090549524861596
0.07862949324823129
0.09338240159663538
0.0705159706100422
0.1752005866219554
0.16235201928195991
0.1404649032338483
0.02517499462029278
0.1281491189904
-0.03803667761205432
-0.08415101515392594
-0.1914436592913177
-0.1078965739684561
-0.10469574638896462
-0.15476359885726235
-0.21903545167494565
-0.13638445225877857
-0.16605083221012062
-0.10050243035912443
-0.067658110810068
0.01882036258923864
0.07047832160538359
0.0643765992140593
0.12377541975223218
0.14762018481101116
0.1856987973641918
0.17538887786897056
0.17159977780113952
0.056573687612427134
0.16308944106426188
-0.04631293355541433
-0.032882394225834014
-0.1396455120255073
-0.09142725265356387
-0.10165571390451267
-0.17765623724242202
-0.12099424160284655
-0.11153216025809308
-0.0329553417087885
-0.015681908833153336
0.06986810601964613
0.029867043678053363
0.09514109131304735
0.11120857172075979
0.2210545618728883
0.20743088146071534
0.07997762102369543
0.056478527090879214
0.012417558342903506
-0.05024397058743683
-0.023768253637032655
0.061682075526026156
-0.10690567784091151
-0.040010076293859
-0.1578474382047782
-0.061147794327836874
-0.16932068263308772
-0.012882761770601617
-0.0948366165945469
-0.03876253468291573
-0.02342858145053466
0.06344247865576155
0.05163623253697802
0.1387689206235039
0.06830776772452374
0.13646381000046823
0.05068985654572692
0.09908040521115966
0.0490335896513624
0.0007845477132173498
0.04755581411236279
-0.04661882671932652
-0.0241296907158033
-0.034463736242344487
-0.11603672139888246
-0.13195960330664508
-0.1250609266198516
-0.09091652963433842
-0.12455388453912258
-0.10766499365037535
-0.00851649195912873
0.008061932038292745
0.1407125313942565
0.03624189252722724
0.07563069999035399
0.09382274154563107
0.07072851132922134
0.18835118967990327
0.13292133951731752
0.03834291073032435
-0.13082079040608705
0.07030519747134542
-0.0221935364376974
-0.06995162889020771
-0.0995609692611926
-0.04170943704876837
-0.11775487811589741
-0.16162136087002713
-0.044389826872413135
-0.07766807787065297
-0.0037604470732570624
-0.0070423065545161465
-0.05263439307718219
0.16337692665419098
0.10124966622367067
0.15708003282939498
0.13281579713623953
0.057779854646607065
0.15207754786937705
0.021560276707868038
-0.00793637355421148
-0.028124603511498866
-0.028491625718831473
-0.0978549649591667
-0.04456318137447071
0.020174995458050085
-0.08833475485333542
-0.05472471539599362
-0.009884958782350697
-0.062424716488088054
0.010566412518554228
-0.044265644608581026
0.008749543433999502
0.003979355697246292
0.12715005919706515
0.0882154939146945
0.018197583075638055
0.0818760561417433
0.010490257642868768
0.007931786154083988
0.0006667948018137725
0.040489331554561137
0.01546364632942663
-0.11608048258872913
-0.053765564527026716
-0.06301491573742157
-0.010048126372318
-0.009680718749682626
-0.010783998884624994
-0.028273012104823164
0.023055328201445995
0.011283483465099779
0.051744677932919654
0.061768504747298475
0.05757985238655635
0.06149678509524774
0.14657534469767136
0.09603677602182364
0.03815332690017828
0.06064323011005204
-0.035892054725904295
-0.08300154087491465
-0.14025719940961906
-0.06536945309564042
0.029228884124780377
-0.09988689382664798
0.024955003939836143
-0.05231394423831607
-0.08055517298016623
0.03411851842409187
-0.006690643885674983
-0.03569821283119423
-0.007184000186024268
0.08542330410182049
0.0892839654589132
0.08671370861491784
0.06627530376835608
0.041206804935657704
0.05905856324551012
0.017069713204268044
0.093063360820955
-0.011020904000863127
-0.12829475167712176
-0.09397530593473077
-0.16825890919086672
0.02640055462986554
-0.08783143508849875
-0.09316030640858822
-0.04935130732534207
-0.010740716583465017
-0.03219197770788685
0.02930493726394439
0.07316048560390306
0.0008242189756927226
-0.013615141889748397
0.07987238841055798
0.08802594242174816
0.08309966645451661
-0.015983527187819438
-0.11872841988572923
-0.03843243358137007
-0.0929691812993492
-0.01647295904469894
0.040428189602874004
-0.04070837739048587
0.006470583727215859
0.01401357293845714
-0.027886897154236014
0.03309428207769649
-0.0688879964203833
-0.003324130170277791
-0.03636557325562782
-0.029336045939962016
-0.005118605298934632
0.07514785514536043
0.019691344141765446
0.1840641984102177
0.11034339967200102
0.033175520159290005
0.05974015375672063
0.054667266275144386
-0.07011305861262639
0.01888365391499984
-0.0966926048533314
0.008114519821196486
-0.04196161189959455
-0.041734959286367494
-0.05296997739636884
0.004482337054332146
-0.07790598841552415
-0.07651723737190366
0.07802730406800581
-0.0033582777041218995
0.07647399869488747
0.04029038297204433
0.02476961664658406
-0.009479279709918478
0.0013906022508123478
-0.011203816642641244
0.05459485011938546
0.04075947723346505
-0.07827654099696374
-0.04977364867523254
-0.0710091026060613
-0.013453393121292602
-0.054793296876018895
-0.03202144199443109
-0.019035028003042964
0.02453720838164963
0.011378836053174603
0.048108427440625316
-0.002158599561768084
0.01690393788033008
0.1218884002379804
0.11735142329659506
0.1466109155913889
-0.07681916864974005
0.14158012198453435
0.009646264204817203
0.01730093902165214
-0.07389283859703889
0.01522462796167241
0.02054381541073015
-0.017271521045055874
-0.09066674856472912
-0.09234960669398101
-0.029381503036225602
-0.14612642291690706
0.020705052894606633
0.06009245849390615
-0.01989403380282533
-0.025091376812888522
-0.08425186071391769
0.026616807346853302
0.046788788872101805
-0.0032388352766764064
0.039710999797288
0.04124499530113643
0.0721406737446063
-0.12079101179801877
0.12039131624661231
-0.005313970289883516
-0.09148763574499942
-0.01757104626838869
0.022651930994451272
-0.0647471287043211
-0.11142400768358128
-0.06451516800636843
-0.04669512202880597
-0.015022920737951912
-0.026534259296450306
-0.0443529403110004
0.00927708501701932
0.1092724321517971
0.04272123687752762
-0.0023202219621524314
0.04093573929833685
-0.024859834639335235
0.053918137764980015
0.01068231196624205
-0.14806096740424785
-0.06579132368901545
0.022987007908679573
-0.018728264485038962
0.00014808781081982608
-0.055919764161744406
-0.04003412313091768
-0.035456802659150244
-0.005190789769319023
-0.007365555394115848
-0.023615723811284895
0.041825474920508976
-0.034512203760891876
0.07544202972765511
-0.007992312658665207
0.0426170850656032
-0.0715779789273768
0.03079115403799813
-0.000924343439208157
0.05269641393844549
0.019980910644908447
-0.018728917562745195
0.08252183009059122
-0.050997716970913536
0.0008486281268774779
-0.04541464804369556
0.014694283375979993
-0.047187338711467984
-0.1342492417111386
-0.1076230706894012
-0.034197957062244155
-0.09370797844835228
0.0016925507043838717
0.003500624822573968
0.07263005697969355
0.010793524819839528
0.10681958885497521
0.028749400114655543
0.008802779532542285
0.0377739362907328
-0.0769921199994305
-0.008471345140091997
-0.05087961961430097
-0.05345716430452171
0.03820956194861176
0.027108704835945144
-0.054761767707063126
-0.11770232883450821
-0.07392269892263309
-0.05699594283319527
-0.07902565424433382
-0.00924371787368256
0.07464313292944148
0.0013761328772741478
0.05361392178798095
0.06083273759593462
0.06448639787971797
0.08085082087381647
0.0819851718398402
0.009310911704970148
0.030964092248018896
0.034518996671005595
-0.03935052403637829
-0.14318777283092643
-0.1655670998880685
0.03169362276670522
-0.04874106368377831
-0.017109701922088702
-0.10574570677190932
0.03444630040334325
0.022632628924998923
0.09826878291168692
0.05880812538471936
0.03156494117147843
-0.008817278843696139
-0.0193029566023783
-0.13357061652460067
-0.05558141501644548
-0.04027213621188588
-0.05048473230274121
-0.03624448466682763
0.010721004293413699
0.07074229989025399
0.02690213349988681
-0.0428020834536958
0.05270627860416598
0.09629577111650689
-0.003001597981617414
-0.13322219227635007
-0.004374789539255433
-0.030084246492168166
0.018305647057463223
0.048208299171054333
-0.060707698122013924
0.07034482154544157
0.0082819749065559
0.0030477114675211622
0.03989659535145178
-0.061475270950629615
0.007676157725651199
0.07295924591177151
-0.004676714770126759
0.08433146980751473
-0.03406957263766042
0.01484777545018989
-0.06753689625729138
0.005001169515361295
-0.04792135766597751
-0.0679993615633971
0.04394786972760194
-0.03792190271760653
-0.051955561834701965
0.011617137346916738
0.009744883972076755
0.05784461678405437
-0.02151269566155787
0.031993893010238236
0.04113798226369455
0.08517105874801356
0.025356817846261644
-0.11631129487489732
0.07080553285930581
0.04173767312320546
-0.022899945290168304
0.001315963680805908
0.05131145572201804
-0.02867539090656147
-0.013131455994865926
0.07338086458947392
-0.02834784886702678
0.016954168876853807
-0.029860489881109908
0.008191002899171684
-0.02030406665383503
0.038146366607635304
0.03934601206511271
-0.0038252892099620295
0.06604739799187997
-0.004718804749882077
-0.014421619971828236
0.036011096579547874
0.030155045089105825
-0.006936255275079961
-0.089992005471619
-0.08366533692589723
0.008107244360548053
-0.11767003418853125
0.01128740029278518
-0.05809585794966818
-0.08099936737772609
0.06302035252367572
-0.041392083626044074
-0.061590871252245924
0.03485338153053537
0.10581498758084701
0.06553188666605181
0.0771998304234776
-0.03674944262360509
0.015270652115660399
0.05419606814483438
0.03488751819814886
