1000
-0.041687397873783665
0.0036706530998941167
-0.02779346456184353
-0.05744338340983249
0.04321206785168372
0.0002718016120374837
0.04503277039426221
-0.0396792938306679
-0.03817799564112699
-0.03710005741722414
-0.056175457212590985
0.017679581880740366
-0.044184802543743545
0.08549760402011512
0.04450470488818682
-0.03214781690990046
-0.03898144359148971
-0.011900440803374497
0.1224518620656582
0.026315252102595763
0.04178310013562396
0.046231635329010805
0.02561367275310239
0.008527199337789266
0.012435860245958483
0.0069646671278249354
-0.017019694791428314
-0.031729906448858466
-0.025681751528072196
-0.043995685061052586
0.1384777421472425
-0.014235142799256468
-0.0011975884150196778
-0.05343906525845195
0.017182186042692723
0.046795123523301244
-0.06322478236388811
0.001057592434750667
0.025156981767710942
0.015707016666727004
-0.021104109762233852
0.038403152283208425
0.057773810609337395
0.033538492166368325
0.010367706781477776
0.012486156093924623
-0.023682089064029327
-0.01665364843181039
-0.0743401613664199
0.11857156253420978
-0.0072420379196004156
-0.061062932927182234
-0.0005981176541839221
0.05559887458743558
-0.01442605006451506
0.004123767545860764
-0.05136893464224055
-0.057723501239812985
-0.05569143230958887
0.0019029851483059086
0.03663554869888874
0.012477107552458707
-0.08855370514324443
0.06274275518189172
0.041142823913325105
-0.014372707866299076
0.08636443601158131
-0.005017010630413014
0.03169063253108981
0.028651365113767355
0.022367685986372315
0.09361872900000406
-0.1342857420985427
-0.03978186657739008
0.22162312099362794
0.5464974255786518
0.8068946201201341
0.9944212864687471
1.013695989151254
0.8834448905727099
0.7456711708697077
0.5816737872370279
0.28939872101686
-0.00859349470402563
-0.3146064084567785
-0.5133440024353384
-0.8518643025548498
-0.9208422310404001
-0.9913204207198306
-0.8448626192547745
-0.7071650705994128
-0.5095859107245455
-0.26171641825129366
-0.011278550903469076
0.23441806810945723
0.5285622680751219
0.6056633803323486
0.8062005494912947
0.8015774818449483
0.7628321873154551
0.7488981170120057
0.5587343220380202
0.26906582683444125
-0.02413212014748938
-0.27232464776035287
-0.5093654759770669
-0.7204691562839093
-0.8381113921154627
-0.8464938939625793
-0.8574363540774269
-0.6637552353119729
-0.3870071627835284
-0.3655778111800848
-0.07233347999963835
0.19589686615227042
0.4765461667406625
0.6320647835380732
0.7553877468184145
0.7787032952300997
0.6565925579293314
0.7015936835258507
0.44622716895814074
0.26569442726645265
-0.026137335000432655
-0.31214880401384215
-0.4337267994348756
-0.6508782179340877
-0.7649792424375795
-0.76657081241802
-0.7010393744495216
-0.6816548825157819
-0.453955384820762
-0.15872307454688445
0.009789784340319584
0.20774630296399313
0.48944948509226627
0.6276908936282177
0.6677658283607601
0.7394915671020434
0.6565307588247519
0.6353441882612055
0.4019476992065115
0.23457985149644647
0.06910450536882738
-0.23132174530498523
-0.4338310939326267
-0.6461153732659093
-0.6477780325288153
-0.6648571502260254
-0.6947765024530026
-0.6083353340995884
-0.3396203789952991
-0.20871431621209013
0.018278334444252368
0.25045387248674694
0.44861739942602663
0.5632320447496566
0.6279028344114527
0.7221476093950493
0.6775490129282138
0.5181253187247257
0.37697012822079373
0.17960779720724226
0.044891203908206556
-0.1503225642044741
-0.3538103195839575
-0.46979328341839394
-0.6206072478606077
-0.5616815570933381
-0.5931590520056734
-0.504911910904558
-0.2925597606259208
-0.15542848698849243
0.037468275155832335
0.13299157492843483
0.3274249761614134
0.4420901507071256
0.5410233808989273
0.6451835620292143
0.5093696206721622
0.5447367941124576
0.32443567079131225
0.2218013293037468
-0.025665605837338942
-0.1466971174723643
-0.36818165014847054
-0.4991324745994515
-0.48152251816558966
-0.5844764429458879
-0.4736790765483655
-0.37666004985836243
-0.3318801078615472
-0.18697209970680273
-0.010024526363743578
0.11854184838207084
0.21428456676447272
0.43343245002375
0.4954136188905332
0.5561457357643761
0.5715477783835451
0.4680941300805628
0.37088424410359566
0.2010954888602378
-0.005685914662333366
-0.17851503703732227
-0.33331686375829866
-0.41383233994988
-0.5183988979011899
-0.5165103444556527
-0.39345743689532275
-0.412743918286003
-0.3360291430261021
-0.13876759411089076
0.015109858358804419
0.07580501129515296
0.3324315790396826
0.3819184329546603
0.5291531125297806
0.46623419380860853
0.4744624387511736
0.4359701341676065
0.21868133835246104
0.16480752208233798
-0.036643994359204186
-0.10455614336752675
-0.24507734961448338
-0.32364767261269717
-0.3489294605381502
-0.43364539688214115
-0.5238525657917469
-0.320374359271163
-0.25719095308148365
-0.1371682960879218
0.05258914180194979
0.09292643440928922
0.31765224052082836
0.3232204338607999
0.4124590094992782
0.3503834990898233
0.49692031078689886
0.32226866808466026
0.17341867171654732
0.24110643730782808
-0.0021938248806996088
-0.17660726024205467
-0.235605334062154
-0.2758529712493417
-0.3145502033497771
-0.47078932914323934
-0.3145553231830577
-0.2959922404993307
-0.1887906881997537
-0.08889484153205046
0.07729905224872705
0.12980781174753064
0.24069827779381417
0.3100464057083061
0.37378934620299464
0.403129249336476
0.38007104494430055
0.3218112874721839
0.26496374827473834
0.14655591130699722
0.002223490173450839
-0.13875286408118925
-0.24683057712986647
-0.2561156164012732
-0.40491630155770814
-0.36793175208794415
-0.3536116229623237
-0.25104589148348666
-0.18291063155152726
-0.15575401065255248
0.03228895698689157
0.18065601201108406
0.2015666631656657
0.26191103917252323
0.39365645508871255
0.34510940855063443
0.21905697969111487
0.1606059635559457
0.1734882206983733
0.08162212187788521
0.02446151537768706
-0.11939657374041338
-0.19200758497963805
-0.29563678920406183
-0.2485749131260394
-0.31236627681853835
-0.3134989758686049
-0.30496693702432986
-0.17495087537888104
-0.09308261304848257
-0.016913174023196458
0.02327473565030197
0.19300853249313604
0.26516621027444787
0.28765266715525
0.27808764685663157
0.3386797401132768
0.2590271269542647
0.18889699132168178
0.13809037701324292
-0.034775976938109646
-0.10909491635234662
-0.15601983212708964
-0.2675781388120053
-0.3428135351773789
-0.3172357095162696
-0.3718076966308615
-0.32338128201156635
-0.24266500131731775
-0.11300325072113508
-0.06190390316346583
0.09079524502616011
0.14059862754966995
0.214155683588158
0.2687224349451639
0.24062963623361558
0.25017262391493705
0.20242264513391836
0.2291542365653724
0.11566302693640727
0.015436732999985794
-0.17144897915393675
-0.17853577275222593
-0.12875838581478666
-0.2771665541564453
-0.2857097532111597
-0.23154107376325428
-0.2860990583213321
-0.1663395447407737
-0.15321851143201326
0.0696127675401297
0.10247559617191765
0.18340886950103558
0.2190525718143258
0.21664924729780055
0.2863420908030957
0.3217545196591543
0.28205086580409017
0.10892873522558308
0.08350444563427613
0.017654559769552713
-0.13169916776777407
-0.1375164571864652
-0.1874714601132208
-0.24622748470252598
-0.2567010004652115
-0.14154128174922817
-0.20560704939947494
-0.14608407580992555
-0.06923376929135311
-0.0038127431139051327
0.10452321155227544
0.15180298736751482
0.0912120945358306
0.25060296180801384
0.18161100796939267
0.23818352124241746
0.19156452819968747
0.08549771116796637
-0.04666200571474689
0.0261788884399212
-0.09580442638829778
-0.15021652328877322
-0.17410108452116888
-0.15659811799238596
-0.2450729218809556
-0.23517701441671165
-0.09382278721793791
-0.1612317264250545
-0.04403650469153833
0.0026078716417889244
0.06328902331699898
0.11087759805297674
0.2654204732821341
0.1825254642215868
0.1350085997580473
0.1438358285182274
0.16283383585221328
0.0463865897476437
0.04995453474042616
-0.012355787414619658
-0.11627114007812814
-0.10488408787915568
-0.1489656575285236
-0.28183044608900987
-0.19226287073050718
-0.16385645606429533
-0.19026218835390943
-0.11140105955187768
-0.007056579749688555
0.057929470256047666
0.0020899841758329415
0.12486884717027427
0.18594628897667084
0.18254287730299898
0.2714498167048683
0.1686256534675365
0.16113547450816143
0.12685969312056083
0.14504078069514043
0.07397175083085744
-0.09475184061190484
-0.1334786187841871
-0.11320178539690612
-0.30526861334745947
-0.10627477440089349
-0.22866573355756714
-0.1422141299509598
-0.13451002157170677
-0.07544725547354725
-0.01036450986393063
0.023202117639863983
0.10341415103231227
0.22115144735467773
0.25151893795919533
0.18349113825740537
0.06720079832632718
0.15269921807613876
0.1588686175769432
0.052600085492493634
0.03411968571390251
0.016705886448787087
-0.20013140017163739
-0.14780571406911064
-0.08776729753791453
-0.19657701186045104
-0.23045682075915186
-0.13376514179561247
-0.05953323804124127
-0.11950850956124168
-0.030775462807092056
0.05090907976214557
0.009532494065056393
0.036827965610223834
0.22157120781084644
0.0933889105259348
0.06418229354791159
0.03719061701218519
0.12885814998606543
0.12470653124355893
0.024162964586773472
-0.10840184022436736
-0.04381155282312308
-0.06867671312759388
-0.20590306303381262
-0.2775129221189037
-0.19256532091869774
-0.08193704453195412
-0.038210788522915144
-0.020676924732282144
0.011502084965328632
0.13362397363566708
0.13027316456313115
0.15631611820333655
0.13001088206414496
0.12941698441897137
0.1675484680251601
0.14430204614388212
0.0627184860875051
0.16082808421320255
-0.042400715080133634
-0.024893076408668686
-0.13302298394787773
-0.1633222538216391
-0.13877797414283283
-0.17085173940437415
-0.08143920341685372
-0.16368594778540954
-0.06662868939955296
0.018842325903669986
0.021226600631366853
0.0013336115093559656
0.016977923806156404
0.12900191781116932
0.2330811959304191
0.21199632823849165
0.1868549096534055
0.10092982171386741
0.023249407739852672
0.09699486946069208
-0.008816316303630643
-0.08774870122662203
-0.13717998089704073
-0.07249079060722009
-0.11067406915284944
-0.14334029817115257
-0.16281947848650333
-0.1340167993829755
-0.031516827427783535
-0.06517715018967628
0.020169573737571504
0.15544092955912725
0.11506285423368226
0.14048876277935007
0.08420913402433577
0.0895470914262586
0.0866759430039954
0.1449078443983614
0.011754360648425659
-0.01203080416477522
-0.08051539998644477
-0.04210192901833035
-0.14039488234576278
-0.08729889926716884
-0.11399997972468717
-0.13854066656839328
-0.11049454788355702
-0.11348598537044853
-0.1023659221211715
-0.0802286822263586
0.02835568152186342
0.05416214221307864
0.09055983388063599
0.07457256314703517
0.16384182104280667
0.09100637759694691
0.14006237689835727
0.07626496607488537
0.06578170617855912
0.05973305621986982
0.01256186739481965
0.07844601520370453
-0.07949005517523675
-0.1372349081597788
-0.14851584482327077
-0.15217595375624687
-0.11957862316684492
-0.1711505822391792
-0.059297427142766576
0.008347152853889327
0.01655687456295495
-0.012946972834167292
0.033967874476413085
0.0735413840149934
0.06680285545401482
0.008079034165479573
0.06897098322642142
0.056671563927344695
0.044573453439702315
0.06320114261019083
0.15577891667880456
-0.04906559357650789
-0.007322169378518963
-0.050835284746661824
-0.14204637179842994
-0.1377943187624091
-0.10243501406444563
-0.06613826805542825
-0.07440457273801991
-0.08785174071911335
0.11539401942225878
0.08066683453698627
0.07422910563939003
0.059442319118654
0.057867627593167915
0.11285870094618564
0.042768559007270404
0.05465348193569146
0.045604977130683455
0.09739317789947935
0.017903466220702373
-0.0024481243048325996
-0.030222378258762488
-0.16455528892747362
-0.06612400134403633
-0.0595689710958241
-0.04747137658301316
-0.09277069351740203
-0.0662891926187093
-0.0036283592908707696
0.03151501117022424
-0.035696025754091504
0.014723194603690967
-0.012437840245644635
-0.030980856166515636
0.09519149151479851
0.1457979867833471
0.010266507642656693
0.0754874712600241
0.03355558567848063
0.03743540071907102
0.026847500549291445
-0.09801822735242738
-0.01993907054268485
-0.08831979764831825
-0.1120232960366423
-0.09902374952837475
-0.036585944650693654
-0.08614641260029432
0.08448203125103694
0.017569614647849466
-0.004836092120234819
0.08759640499088268
0.007808532908536607
0.13193717422488
0.08706668613111417
-0.018585814984070165
0.035111550455456234
0.13700950345835328
-0.021753964452920983
0.04658915146901285
-0.02030953135077516
-0.06011377547093444
-0.10365855460381204
-0.009061285478784195
-0.035756639555963234
0.027114034652316765
-0.01746622939362199
-0.05499041683389577
-0.02379471443283216
-0.027926428853881358
0.05930157422815681
-0.010291993370320461
0.1168538854864755
0.02930719849254266
0.0337902942610358
-0.05214810105328578
0.010027237529693152
0.01875899449426957
0.03637970805391373
0.0628000454494892
-0.09425398249043923
0.006689067280778026
-0.07074839207313097
-0.01195684266739614
-0.12345347247158509
-0.05843798977708117
-0.010940468045928652
-0.07638623301861733
-0.01687991224535829
0.028131867292331855
0.048359376135753196
0.05738735349208726
0.10721490932246418
0.08629188269000009
0.11011809737944424
0.09404406283114161
0.022492456715077172
0.0705080304390953
-0.0224353630721884
-0.049043362045664625
-0.003529516457859391
-0.10700278133095247
-0.0824946049469937
0.03446580941490166
-0.11582149680561832
0.032204997836395896
-0.03791564104390706
0.14828426196734054
0.029428120685863018
0.047347154522971543
0.043128965405196715
0.09805202342839098
0.04701246044305835
0.04960714071980153
0.07157592297818954
0.023810823083166913
-0.04206081998663793
0.019934043219145027
0.10515596809288898
0.032732502261213506
0.03331783339827431
-0.05438851537506509
-0.07473268681703057
-0.0185460614520412
0.011770526974193646
-0.0133672158166162
-0.007483013153508099
-0.07505422092940857
-0.009901249907896047
0.014436933743049525
-0.0027491391991087306
0.00518007478971623
-0.044945213777509894
0.02697078138529415
0.054049383936898995
0.1374783096929379
0.0034646472569573733
0.027130051336953565
0.03045325327028993
0.02098507112110839
-0.011319749527712595
-0.050378901404766904
-0.08474022420156488
-0.1012487341049273
-0.026694587417867885
-0.09712560251923925
-0.016221657472873272
-0.04861289099811854
-0.015118193523013468
-0.014258380419653889
-0.008748212756537786
0.04348180986858327
-0.011238909403411317
-0.005338859971639645
0.05480787559582179
0.09002726113796719
0.08078053715300694
0.03190435687317651
-0.07641336831766399
-0.0130495956744747
0.07064813703652095
-0.06613891942638235
-0.05246399602254122
-0.17496458500929415
-0.10741473288992537
-0.08757051860072167
-0.030965301510058576
-0.09930876425464824
0.0768471926172238
0.031618064213079
-0.024206120080707463
0.052793706854247835
0.053970495375250296
0.10820545717847736
0.043606175281911345
0.05153493489958327
0.05215311855563616
0.05986203137205183
0.13278999060727897
0.04119322977759755
-0.013652752615553246
0.0253886958261393
-0.17397418156459515
0.02904480997557471
-0.02492777805851394
-0.0983147414677312
-0.08753708193310697
0.007650557109545892
-0.01670762920363378
-0.03620323604406789
-0.02342962355121854
0.009710595060393968
0.01821346923076437
0.019906165833220534
0.09719430049765418
-0.01217346837426516
0.009733555511856846
0.05342827582680179
0.021910478430705545
0.06262136942685283
0.00023653075909012972
0.09925030231146506
-0.08199846988453863
-0.08620668807257995
-0.030185713919252944
0.027845644487143224
0.015062402616910574
-0.0019016968476145424
-0.02064252348097614
-0.03001886737664688
-0.0644187416344087
0.02940823238751259
-0.08001714392313733
0.10862379477304085
-0.0032408110015320346
-0.01028333775263797
0.06458811996262681
0.04925155853499755
-0.00494032359981989
-0.0017477274156110548
-0.025342471085472162
-0.04927056180546249
0.029241492884504953
0.019239189852014248
-0.008435246952902351
-0.04296617209139093
-0.025766172955872482
-0.04572437991093605
-0.06705070745882141
0.051892621782184185
0.07645400182000876
-0.0024191194025856913
0.10432678391529163
-0.030442942624905572
-0.02063517261368395
0.03667615828194543
-0.0010748361189240677
-0.0012664612103683616
-0.09297237731393329
-0.013603746960901905
0.0042588982492138515
0.008528271118678533
0.026878179466264782
-0.030892999094257256
0.007740468852925404
-0.06821630847659364
-0.023559364293234707
-0.09051865936380374
-3.8935296227759694e-05
-0.0046408344395623136
-0.036764798563841676
0.12160909438918716
-0.0010194817051979374
0.0899689416354871
0.05683040280725814
0.053757811629160324
0.020604610773985826
0.039269264066603964
0.007538044083117437
-0.023529154203219958
0.046422163968314306
-0.1016833963721
-0.052941096354532924
0.010877234739907812
-0.1150802966207446
-0.13190606071638108
-0.0002657431022524033
-0.05572468138288614
0.10477411945782761
-0.014230389941622
-0.003325791056566157
-0.010097403775470231
0.09350589744497351
-0.04531534974481696
0.0064674393184654955
0.07411410975701062
0.011079056927251711
-0.07735238598252074
0.04573600819056242
-0.059966040086227336
0.0022373195090626616
0.011963426108992084
0.0073731634946755595
0.005516125034118118
0.021683781938178655
0.09293545439202083
-0.07947736949811499
0.02258721195976813
0.014186748771426498
0.006336926057942003
0.029583105928494162
0.03778152938155773
0.008771604871700145
0.0796094930829988
0.07595444953095656
0.061579165375602804
-0.04815719980406046
0.0393657361694202
0.03248315375779951
-0.09470190942337336
0.04518642504094201
-0.11419659406874046
-0.058173508788617045
-0.01989481626227871
0.004791604786727688
-0.03872632755004969
-0.010048465638335434
-0.06936594249434996
-0.08652228555467195
0.022736518041875247
-0.11030188041017963
0.06490238528752876
0.0498410239959278
-0.04283329139299512
0.034132909256464034
0.010560223941573122
-0.06652647971871915
-0.15820188045162623
0.07600304806427687
-0.005258442192594714
0.039662965186479625
-0.019138950513947615
-0.0526219149421142
-0.03923443911683691
-0.055029938497979686
-0.08544476784637306
0.02479120054831837
0.022689844913450462
0.003461254038407133
0.06142177996657986
0.10242366026363
-0.0019371936418380118
-0.07845586597780146
-0.021633451145407535
0.01577715223401252
0.04200712056599652
0.13678223688644772
-0.002359296617559424
-0.07454133380770145
-0.013973905529799359
-0.04006025366658811
-0.05737087945943184
0.0605529092721028
0.06956387758471297
0.07037421289172004
0.0007976392979898057
0.03560983709085029
0.020102060214728473
-0.03710302111793506
-0.012120903727551955
-0.04767745789458249
-0.04764230159968227
0.09330068927792351
-0.08783121816349705
0.06054106303994225
0.010308465992282082
-0.006622774728389087
-0.023948292724910905
0.028101468463599448
-0.09685262989139072
-0.03524551378055466
-0.029779126522719777
-0.007768056457548848
-0.0513551576556365
0.007245713213423252
-0.06854145085603901
0.021069971905785807
0.008226520889739327
-0.09579817660198134
-0.06006306364970093
-0.0786840367138428
-0.05127026810876718
-0.005387641228102291
-0.026594614014274005
0.13023171806210057
0.06645989669016024
-0.050021325942124044
0.09574607218257564
0.041987482902531306
-0.0283847180043913
-0.02504543764341934
-0.07513686316429445
-0.027540248221170287
-0.022941499251169575
-0.07671169409430073
-0.05922237502330781
-0.02006171128695695
0.04727721498301475
0.005875720601351466
0.08103049321734994
-0.010905868096314213
0.04142455148128896
0.09799992569679677
-0.02121075537795643
0.03445897818892973
0.037350253811278725
0.012266246191923864
0.0002967809718791431
0.0664211143753296
0.08286578034411535
0.04851558461746227
-0.033283101049441995
-0.02392917024529617
0.015772140710025945
-0.06034074135650624
0.03032893207970557
0.021913528625227684
-0.15518035872779554
0.040257029059834706
0.005502631016654494
0.015369089320371534
0.04926447845003879
-0.0261897428164079
0.011784047904409093
0.0008498539546350128
-0.0599838346122233
0.016338012249591978
-0.008677027519316028
0.09446602902857922
-0.1273294843322723
0.04275257665387358
-0.0757034368355634
0.02077965057636894
-0.021248935421733683
-0.08393273100820622
0.011353200106794338
0.01580932900204974
-0.020893975036950552
-0.06735545550203481
-0.053948308208526474
0.024479649027067986
-0.03531219308328556
0.08498711186686064
0.05828171996335981
-0.01474095128506365
-0.020708999569226637
0.08291278448617777
0.007303008750634149
0.03246712527274948
0.02404419829877879
0.012689829860653942
-0.0075548897310898375
-0.07726803083667505
0.021696438372740982
-0.06629484758516792
-0.06171701709391487
0.015820525032838567
-0.026822168193340414
0.006968528514640635
0.01425865338336405
-0.059064760392708325
-0.015194963841305198
0.09516009993678745
-0.12413030766572034
-0.010839181043205243
0.03549924853856433
