1000
0.15335392189119884
0.32568568872057657
0.5414150128446908
0.7882653901880814
0.8540682890841329
0.9406522986465562
0.8843531890203274
0.7327380903282921
0.6138916625843416
0.28707073275651207
-0.06397642836328865
-0.19524596938717503
-0.533650434327342
-0.8050773950839079
-0.9362940106619735
-0.9633067113358739
-0.9001154624018161
-0.7173904381778619
-0.4941472476162557
-0.2907790263015341
-0.03253687570075261
0.15625237822635746
0.4765513141382305
0.6511121463715248
0.9603703882584808
0.9226597367196143
0.822995505450887
0.6899975549941268
0.5465743401506578
0.22314769130815743
0.05625144943784901
-0.21587602328944222
-0.5480152682186614
-0.6803293266213347
-0.8952124409134962
-0.9066262977750397
-0.8163866988947156
-0.6302457077645549
-0.455071764690838
-0.2920167006228558
-0.002556186628374359
0.29171783267776996
0.5329385987240982
0.5834094685494946
0.8171823454908115
0.7698065263747778
0.7700779562046689
0.6630292174443825
0.48681220659893576
0.24870378156352566
0.045580623396073106
-0.3304596171256082
-0.5012604502910921
-0.574219963133524
-0.6678109034121517
-0.7202661527459073
-0.7179369360245456
-0.6992129763617896
-0.49321349171989787
-0.19510409737369536
0.0628962769761487
0.19251024482558063
0.44564889260934215
0.6161389036939741
0.6885625615059564
0.6819999183454637
0.6388663878186626
0.5768897292931471
0.39954806746908
0.21757000823105327
0.0029178647093469883
-0.21786178573179674
-0.4088997653409237
-0.5483604239110142
-0.5835433338687753
-0.7243558059641684
-0.6967770686674342
-0.5360836337362634
-0.40663310182323636
-0.23699613219035745
0.032737037750426204
0.1986152961267621
0.3464212194748127
0.5265684225421342
0.653216784843182
0.6163254434779557
0.6369344248795006
0.500582540622567
0.42151221423810076
0.2356863912288656
0.09698963633631662
-0.24014807982932987
-0.44281355078085294
-0.613420187460417
-0.6680137083511777
-0.5568428467940141
-0.5486524940605293
-0.4824814996608681
-0.3653443493145075
-0.14389700226895358
0.0013847668778179693
0.13588371563397844
0.3349383342071089
0.5092615905284938
0.5090375034193819
0.41655706331985476
0.5603770208597809
0.4549244406935696
0.318279713812173
0.18361333431570276
-0.0009079317160774434
-0.14599932277888167
-0.3208569088925873
-0.3741444629854941
-0.4487045057147564
-0.5627986750273322
-0.5412213523472155
-0.44685938467073344
-0.36373866667216076
-0.11327079690114927
0.01283318217501461
0.13386353332671344
0.37517736304447175
0.45393688689420053
0.4971472322625782
0.5477605656309746
0.4528693832342629
0.4129363028627526
0.2710008408904703
0.17782066675046768
-0.00979361053735765
-0.10619703965776656
-0.32965383952561655
-0.360778129253582
-0.4671927497821803
-0.5358381375073749
-0.4574042841791895
-0.42663397791932806
-0.3630537509588168
-0.013179273257207413
0.030892119731017118
0.22221867060529243
0.29181941247453813
0.38570360513378876
0.37675157309030194
0.43183246709921
0.42569920503237
0.4399747412154467
0.26318153056253085
0.18219878685871937
0.009094062992286867
-0.19549133659257162
-0.34439383111807614
-0.3603445868977268
-0.44142046113716576
-0.4922459326233618
-0.44087326867148907
-0.4319185631398913
-0.26767873191066704
-0.1942064820454957
-0.03108733377624632
0.1515125579490128
0.19582230827728186
0.4024010029681648
0.5257220578305803
0.4516037396547071
0.42652234898008645
0.30382752486680675
0.2940543120732528
0.1124744401946676
-0.04673153076042234
-0.1318673704420989
-0.31200195070250447
-0.37597750647841305
-0.3549057640860542
-0.39430923510328914
-0.46017556241821067
-0.42273085933419613
-0.2163896012841987
-0.14808664091694904
-0.03273417362161204
0.23654449152708953
0.2526544474986962
0.4045133286207041
0.38974400128561376
0.38409811204997396
0.29384898142214744
0.3323084233655998
0.25272686879493445
0.028097862578845514
-0.0241843294792115
0.0024661507927477844
-0.2007661118430662
-0.25767401922646227
-0.3179230141128938
-0.3021541470782682
-0.4290064232675733
-0.27431909096536866
-0.2260640474456617
-0.07935363421848349
-0.044042889150293314
0.13988933907083007
0.17843972050579796
0.2509095954304347
0.2663632992520094
0.33983660252294956
0.33454814375207037
0.23988703144718526
0.14255227021591005
0.10444615099170933
0.014757398292422437
-0.16513824121504214
-0.25434527689709924
-0.30109245894218056
-0.32618572864676254
-0.3552093245137227
-0.33564752835618084
-0.2756820190467964
-0.2259139405496229
-0.07531375381253781
0.05927848109434475
0.14984432694967464
0.2230605675939695
0.2710271036006715
0.3062992665463902
0.29634354640221966
0.24295051889410146
0.27208687869254083
0.241601513519002
0.07756188707562357
-0.003333281365759703
-0.08113919151365055
-0.2540480679218154
-0.24893308806441145
-0.2672221104154107
-0.33784399270510995
-0.3540550303083557
-0.23668551976375982
-0.11860805094035616
-0.08018768047325345
0.037943754506151936
0.005405302958872843
0.15620248832342945
0.2299370240723384
0.23481216789459128
0.3047223063513244
0.25807122335397703
0.19435017658908407
0.16126824773468532
0.07421274792741787
0.019822913734702064
-0.13365995912990514
-0.09765312558862167
-0.24219546613943774
-0.2699577857768749
-0.2996516062651725
-0.28771842765451305
-0.1776805062428848
-0.1802704260887642
-0.05513704542090236
-0.027060702436810923
0.16186451891227988
0.16515791589558787
0.26560923920075635
0.2811193712231562
0.22021781924211611
0.29627732538457696
0.1875675700832308
0.19555501434906342
0.11911758734634162
0.034748779043741296
-0.13952504441886385
-0.11857430607626318
-0.2375618812099368
-0.28035775668535134
-0.373107222661667
-0.21380520378158593
-0.22179469162228108
-0.10497258887148889
-0.10626129677691658
-0.03602259803470126
0.027717366585023093
0.10642474775739574
0.2588691284637396
0.26971034548563727
0.23701338765431326
0.26192644475185456
0.182884050448332
0.12581706560983458
0.10893186299126265
0.005788820788132009
-0.023384930730033518
-0.12506161971786633
-0.1784317288394826
-0.14709829085044046
-0.265733865511435
-0.22157325832097033
-0.19298645367270587
-0.13718511140436696
-0.028400428114726872
0.05437951639958457
0.04557625773878024
0.12254482170773089
0.14745955339347155
0.2801718618862557
0.2544098209204511
0.1674903333888545
0.2090869611972715
0.17393298027209986
0.06840355765657165
-0.04517963325526045
-0.10666083893223954
-0.09758853442534801
-0.20648595766859856
-0.21219716647712872
-0.21422361788537886
-0.13016614564904783
-0.17933160244102903
-0.13479026293494603
0.02513627512761392
-0.07624103247676522
0.1291205420096555
0.206982740424544
0.14668296633546918
0.17245736943168594
0.19976830759554517
0.1816669845631007
0.10922782593808839
0.10667835456443739
0.17124740996480936
0.015586217042862427
-0.019349173129892566
-0.06326992831273855
-0.14446933610513762
-0.20094865187700767
-0.16919791507792686
-0.1332205686000038
-0.16515359268584212
-0.08565761525334777
0.025325418528056504
-0.08566291447877511
0.0020509613575200383
0.06826278202937719
0.15197361572370005
0.14480799390844407
0.2178968162523348
0.13253580702906365
0.1131871410163639
0.07126074642786538
0.10394607369175463
0.044436726056276105
-0.08555369111209381
-0.1458997321942343
-0.11568736982156068
-0.1821371024794784
-0.1765222167450905
-0.2280628435282539
-0.12818327641423938
-0.14893194244660757
-0.07908061162379978
-0.03741794568646146
0.06366876386230588
0.05501024185161234
0.16115373097552577
0.06837453382463965
0.16432394904380124
0.17846285315093693
0.18309860099558553
-0.01510617525380599
0.04641313538140343
-0.06404138707087999
-0.04941922951288326
-0.06746868227086544
-0.058848786764479036
-0.15578383144895674
-0.07299390941234926
-0.09546985173652062
-0.13452042292973065
-0.08477177953177152
-0.04297373364961061
-0.018597342243353077
0.05091817409447645
0.10724514702880744
0.10182238097539327
0.16195084702433876
0.1498214830331479
0.19147209513323346
0.1890571894828057
0.04328778539975035
0.03696073049569667
-0.11503435996788351
-0.0483418306205451
-0.11853524639390867
-0.08647854933585072
-0.19391561011625552
-0.15676957659742494
-0.12849318426163955
-0.14454309210945515
-0.2059408321755789
0.03299087692551292
-0.012171004784105158
0.025050347920218624
0.10921496317484015
0.1289908059771164
0.14199957521245576
0.09985777816157279
0.11599977264959893
0.09375948373632718
0.11902335236375441
0.03108711938676486
-0.012375905277701507
-0.08042718853980327
-0.08369756018474149
-0.16989118682117102
-0.08578867503031475
-0.13173464137093235
-0.1656576776627911
-0.16924208471130453
-0.1677391856757272
-0.019923936037188398
0.03191321977014773
0.048798675387865115
0.023932556562628216
0.08272462046179736
0.2434856544908636
0.0901474746324989
0.059466281576072644
0.11593211102152401
0.05294002797283727
0.0257365826982093
0.07531893270027833
-0.017265962615239112
0.00951906358841402
-0.10603262635402905
-0.1579999593911426
-0.14648926447746458
-0.11879809481584147
-0.0998831993337625
-0.0892757679862094
0.03066875878499753
0.011868536100836692
-0.028927338852627403
0.13504883950005042
0.1360973702055264
0.21352043243413754
0.13535940990090822
0.09146464845079431
0.05327181853277345
-0.004716291180744597
0.1485196932741994
0.0545920774214342
-0.013009049600130496
-0.02711402106004998
-0.0903222217350809
-0.08326406305227405
-0.14534597451723374
-0.14253194385920004
-0.025312047066566035
0.019322730432003776
0.040905464632542035
0.02949976400198544
0.038210087823948996
0.057348838961223544
0.07921014099888979
0.15357758276015127
0.1685096020215508
0.15872215284565197
0.10830952735402695
0.08627499411032614
-0.01254780699187186
-0.009452913491624608
-0.14884802677078815
-0.05995276196940659
-0.0638625415065081
-0.038001712982481325
-0.059542866045581094
-0.1125288304007653
-0.15529652462694
-0.07712484729567898
-0.0028158351054192246
0.02993361621658091
-0.016592138649395266
0.030565299028456963
0.03222916799593502
0.027488844387761585
-0.007629136443128112
0.04715463910247677
0.10370219714869847
0.05296545209305857
0.06654857265436044
0.06481865815317434
-0.06320946228060906
-0.10238896143851325
-0.11931469509894013
-0.11416090640279461
-0.16756193623235976
-0.06881043810382764
-0.11979547855758753
0.01059848449125348
-0.028675543050780957
0.07547202877193863
-0.04617107419646532
0.06750886264626635
0.08244239268987957
-0.004080199642383084
0.09548311674067594
0.1257074135830212
0.0652734759834325
-0.03406245227224729
0.04711095206647575
-0.005805320862621094
-0.06359034383348985
0.05951618504075659
0.032263123714378616
-0.08158113788259343
0.016121903859051295
-0.11555909624524092
0.02399075826383499
-0.03609289908896142
-0.053476758735274035
0.12029907200660582
0.046343394563091715
0.09277902254961332
0.06760731537569283
0.10027792164085085
0.1362689188083079
0.10197592192439603
0.055150513535106215
0.03225062211093703
0.04727557752689571
0.011787731422640835
-0.014707918490924244
-0.052495158006147395
0.012244984689993202
0.0019673044973821663
-0.1315421618550895
0.07139636772807473
-0.06326431904212243
-0.07118402672336313
-0.0009549887526426361
-0.04830979113561627
0.14261927335847513
-0.05154199092344113
0.09140189236277936
-0.0010875471659084202
-0.02983322506836647
0.12651286084459362
0.03923066163986931
0.0599388952713998
0.08025727496448268
-0.10350815277531095
0.06302768829284813
-0.05384400299883902
-0.09777104702693523
-0.08165785905293946
-0.07510465575792054
-0.024140419262782292
-0.0225436834150786
-0.020035430927045492
0.055599078875672336
0.02863991837680171
0.12742221663570463
0.023475485393252102
0.08534955558723739
0.07192653522798281
0.03603046819319497
0.0448978111341171
-0.015711009142383325
0.14843181606545547
-0.07316833972606268
0.12340017975155892
0.02688975891267343
-0.05338560057578749
-0.027240867227105253
-0.044797565924832514
-0.004028679387219784
0.015492977979472813
-0.10557440699837134
-0.006904318721994748
-0.005959324700543634
0.02818549865465121
0.053232948901392435
0.051821618336084896
0.08195230424378375
0.02709436793110024
-0.06110062667282721
-0.002232633086364781
0.008740080639822984
0.020219773507029352
-0.02890520774909133
0.005062751837694028
0.012678261125516503
-0.0703798909431678
-0.0711725750193773
-0.015432425993530563
-0.17611404445062773
-0.10266432245631019
-0.051327685287708216
0.0029238744579356928
-0.02300543238055206
-0.0408051408609552
0.03646774526202237
0.026456243487635506
0.028494998842793884
0.001461135003829335
-0.0031413647489868524
0.062385193223934085
0.11206777205181126
0.07285775853195858
-0.005362181809732592
-0.023281180316950475
-0.041203559850524596
0.008723114412036999
-0.10366245046418196
-0.07376689357958725
-0.023250889786045142
-0.07191391633725361
-0.043020837612969674
0.03280398105418724
-0.021260421461376505
0.03522452224795032
0.11297540907146064
0.06922644900659251
0.00011628373270101966
0.09880514360943952
0.053876372225992335
0.016246390533567943
0.08588285347212672
0.15927605326579483
-0.08349756286587927
-0.0014619853011657601
-0.06550443234207587
-0.09826183941520365
-0.009598993464544667
-0.0835992961566756
-0.08075975334550546
-0.06974038301152753
-0.03805935845192644
-0.008916002543582628
-0.02449287642193506
0.030959120221862323
0.03581090785102202
0.07554611254945032
0.01149502643525719
0.06431649851144611
-0.033207425168452716
0.09991999948396019
-0.025005941930934618
0.12380971949956188
-0.03922301943621337
-0.025679918005019637
-0.06823678871876936
0.076653012099785
0.041180644856917525
-0.035441204417017425
-0.031197215235831424
-0.055942617681310244
-0.12486644740142633
-0.05405977506512072
-0.043360335851427845
0.0210162116881666
0.04714142735200667
0.014761639508148216
0.0875747745967283
-0.15592273742319596
0.0414017507744685
0.06171448169205111
0.04065001368628012
0.11988897035205943
-0.015480582662879742
-0.007179942745585626
0.07631906011976523
-0.028478457566455426
-0.06015451419037777
-0.06225777246818524
-0.043030434108770416
-0.031034693508900674
-0.0005887957718188688
-0.07866154234108721
0.02955991877179344
-0.070472248482354
0.08925017948600023
0.005930629672258025
0.10060435221293525
-0.10356074502737748
0.04292004357399373
0.11781286463309558
-0.009595863771126763
0.029343014274595795
0.013988617498712715
-0.03574840373557976
0.03769806581876867
-0.008096805287706302
-0.03545993010519122
-0.022380102318922235
-0.05185385641107654
-0.03844594042349837
-0.02769799530087521
-0.04521262358213232
-0.011307495787223376
0.00550644393951582
0.07534116227409496
-0.00022424944901320437
0.07202969202741256
-0.014613086440105297
-0.015839191843464585
0.008012104639626406
-0.0338326311317233
0.00930571504717781
0.016513500764080036
-0.03788223096842252
0.05813416683927171
0.007802998695278774
0.010535123857316139
0.027361891803364898
-0.06265379214462646
-0.0460105372382167
-0.042311688643855226
0.01083023222381187
-0.04777744855287433
-0.01667670158009373
0.0007631114166840548
0.005738297665203689
0.04821718852805265
0.030499083448886646
0.08590765245216007
-0.05534844185994266
-0.0306159210575836
0.059920017238342636
-0.04378684154842972
-0.061033819553527865
0.0005281978816326395
-0.04988460401620738
-0.15582007707977905
0.034496871525881295
-0.047134257135315646
-0.031016637427328287
0.00611410166768897
-0.02392166444578288
0.0682206433811392
-0.07969114191665766
0.06757041805177724
0.01442380620406926
0.04258830618643813
0.002822747560861493
0.0098561779490203
0.06050353528322237
0.021948923721283556
0.05984862007001
-0.02635237928670791
0.015643493150427182
0.06528792290180258
0.007205021744873972
-0.060803949211093486
0.06729914522880909
-0.04124150782243786
0.06300303017437572
-0.04269258772782931
-0.0041513039834218755
0.013635663720149304
0.015697615036354445
0.051590462814784195
0.06987675392632368
0.03188015802725684
-0.01917209989789658
-0.009341587728227352
0.09366857456355736
-0.1178498808414655
-0.0034946456136734465
-0.06137187646202987
-0.07809016237380487
-0.035738203988016776
-0.00028036211791585344
0.11749597569989026
-0.026129688347418425
-0.035369814080952314
-0.05413828669415442
0.04115788456589742
0.04080497825798149
0.02402677597911053
0.039858037394310944
0.02622762649390894
-0.1327174144915392
0.028629300059281333
0.06737283272565162
0.01971724034265137
0.03592728172302347
-0.004161410301885798
0.024732573387456096
0.007404045022159906
0.04745721164736159
-0.024430772653611325
0.07885473635469378
0.02433820399198354
0.032227741325768194
-0.062504520585562
-0.002120401126257908
-0.02039651080945063
-0.014165146648889376
0.01895776490144201
0.003783196944752376
0.047957248320038906
0.0708700426059341
0.03255808432664376
-0.003898908568135004
-0.0016701548883625954
-0.01842462409831778
-0.09040163016731806
0.05119856553012577
0.01815117239818769
-0.08249147825668962
-0.06475579376550478
-0.012507346338736508
-0.07525629594944287
-0.08989046534039552
-0.008576809193794983
-0.049009869424111785
-0.13821682989606093
0.013474527282011033
-0.07410220861517587
-0.051676433199015305
0.028807796756857275
-0.03050193162884393
0.04857123327040767
0.07548859215243346
0.02737130406558813
0.03959458770962736
-0.03199893235836977
-0.020041927196540826
-0.008924769968205567
-0.0013285537249098597
-0.025364199782036235
-0.07830049828508492
-0.06050155708207904
0.007897850879683147
0.013134727944283074
-0.057086292604614564
-0.00672228925901697
-0.03287250264442156
0.04100541545935234
0.027841636659991714
-0.04564516032574541
-0.02287396940363951
0.07653561538725191
-0.006648841649090461
-0.024979977655116524
0.04798585767082357
-0.08928575337202714
-0.03496429171866721
0.009272175448113932
0.016359892987723244
0.05770619247614541
0.05715971327307744
-0.044513592920869184
-0.059976876656506896
-0.01690803051720733
-0.06353111675098858
-0.19171001280163158
-0.08286654481655299
-0.017226957892056194
0.05506488419444551
-0.042024517201592504
0.0007691842483411315
0.1232348178611401
-0.049731438987939316
-0.0062647111979704795
0.011059514295764997
0.01714023647467631
0.004062572505888682
0.05050831259335789
0.016439423811503786
0.07171639766787138
0.04561193521930494
0.013015099293604277
0.0031172714197323682
-0.008149773289441822
-0.006740004591635078
-0.08610646447189457
0.10763631793227108
0.05936802702567574
-0.09150938160404548
0.05753324781175256
0.0021788926437365354
0.019075537856819272
0.05080157142732358
0.06810050897844795
0.05329742793944771
-0.009157759462771165
-0.0006121946327165406
-0.005101746689271167
0.0612284626726842
-0.04917913288142148
0.10937314544660662
-0.09015052593396729
-0.04672066651906617
0.014048224686223583
0.01298305649001446
0.020630516955514065
0.04478625189448217
-0.0056954838358983136
-0.009357961109757486
-0.08386980023052604
-0.03075003820120115
0.0027980722018971123
0.02459307013353682
-0.04931286727558516
0.0895308627103325
-0.07178301251019772
0.06197699938690639
0.05437526235950753
-0.023049562771974414
0.01720678758152603
-0.01674220641755872
0.021259746915586297
-0.07201330813159329
0.0015855149687142335
-0.03847239229069989
-0.022171330465827248
-0.014552975732999442
0.04726000106479942
0.022704123880494108
0.005520241487282154
0.008442684863441246
0.04443443203762588
-0.00958775166359645
-0.011340399643215157
-0.01783195154524854
0.04081859219080306
-0.012107554350969062
0.01915652445571754
0.046310504416321834
-0.04559460203523354
0.01725935025864808
0.04328491467644346
0.008361712934720442
0.06484198716972323
-0.07541367651427969
-0.008766730780941914
-0.02742065575990128
0.060832676378514444
0.03650670225663309
0.0660208143945856
0.0658794503735685
0.11615745467432825
0.019610260596906636
-0.015570001118345516
0.018649143525008856
0.058678146100970385
0.03863239840839073
0.019245495140727188
0.06424286202260976
-0.007368604296671053
-0.09102474721406462
0.009691066974222182
-0.007915671320075689
0.029680627493816246
-0.04422136439257346
-0.02918621233595875
0.04136047638524838
-0.04552120101788691
-0.07210432529628928
-0.009130906444042217
0.06791058409778436
-0.11365408786334087
-0.003478205249185548
0.029260475664602756
-0.053496603399558335
0.04781254335432041
-0.01066777114906417
-0.0037294237106280824
-0.008500510463473611
0.028280137176252832
-0.06954878929188124
-0.013066648075245622
-0.047850211831742526
-0.12048492513455374
-0.04929377423944055
-0.02244588698195384
-0.03134698172973974
0.05503453007192998
0.019076118004719294
0.09000055000527908
-0.040960648015363525
0.06112668868372601
0.11223877449706404
-0.021724670507968082
0.06798753695157608
0.02573882964005994
-0.021077261324633723
0.1031266129184614
-0.06165392831176481
0.04537036305462294
-0.0036138528218852073
0.07702477366135572
-0.054783760652068726
-0.013949464612033674
0.03206407618762939
-0.035105380287051145
0.0053498946053028495
0.08664627468348518
