1000
-0.06434777851774617
-0.004237854621590865
-0.008935599334596658
-0.02987437680446783
0.0013825520624061772
-0.03761660817556141
-0.02090127308460329
-0.027894899484160324
-0.004098188134639416
0.056006891562631736
0.028047202707302262
0.021549261358880654
-0.01330333630784133
0.00013745841216560793
0.0611688845903146
0.028646996617866734
0.04796800037330125
-0.012842177766041574
0.08224570431162306
0.07903956919727344
0.04645789671835704
-0.019168441614932055
-0.04915435164805905
-0.04914253002083513
-0.01123087134504269
0.05351796447467092
0.06689467408107035
0.09553460999859263
0.032570331490682905
-0.020201738144577586
0.036018735160075394
-0.04963626919587291
0.07989781419399035
0.018374924293948734
-0.02161211609341306
-0.01240860145480174
0.05636130810790835
-0.018604483691909913
0.05975600021887978
0.025822219520220586
0.00032196810430640813
0.024524998857276797
0.057719455551658444
-0.008782424371086546
0.003988686987809613
0.06292475183333371
0.0037867060684569583
-0.010962042893921171
0.03795993742441317
0.032341809801351956
0.007367648301777406
-0.056037323915133934
-0.06618542049635891
0.00439285638480801
-0.10053983475566229
0.020680164017266897
0.0053166939198325235
0.013956520142139224
0.046855499348839806
-0.10633715113486591
-0.06302568742851526
0.013588342699927262
-0.01962128739653465
-0.011901246863849534
-0.0292948960938922
0.0219415381212692
0.01835099697513405
0.016105180767311936
0.016062851016811607
0.03148294815881377
-0.00252153578718847
0.001365544097673276
0.010627608529077084
0.0175217107666149
-0.062009715714013404
-0.01699484371439696
-0.06314731238512131
0.011308882089052771
-0.039956407591519257
0.04739955142382044
0.007838065051007917
-0.033392493178958926
-0.08190387544388195
0.0789831309821958
0.021480113651496588
0.006965993105854458
-0.08489711250110377
-0.07738816421917646
0.04216224992945228
0.1173115790179439
0.06537778992823243
0.02945810010750747
0.03834630564995444
-0.1187984624469662
0.06823364746212937
-0.023981955623861722
0.0007258816896022341
-0.04029613941350437
-0.03316401631736314
0.03277175125740388
0.028053589890800135
0.01940113417438244
-0.07788348214235158
0.06119618224871144
0.023259150576416743
-0.077315418868732
0.00214352690963804
0.04981480457519862
-0.01112330962935451
-0.021990814014784588
0.02989173422919854
0.03808603024390726
-0.04546924581188358
-0.016138787384641945
0.03248594384362292
-0.04924660478413986
0.030249824925390984
-0.04422872281635121
0.005705427621202851
-0.044686390687323205
0.024636911179412965
-0.03247116066140406
-0.0007655051864709892
-0.027960655753104132
0.04573506433688854
-0.009739798838746188
-0.06030008596811731
-0.09422028511984949
-0.009804149873244662
0.018836034158820493
0.023059963021976534
-0.0945384395925623
0.018512240822961705
0.006519083156471934
0.0049816810633812126
0.04777805817103941
0.06597295580426811
-0.06471051135578636
0.03261363888863569
-0.08718042593362796
-0.0789321319938866
0.08873593068373853
0.058827340741125216
-0.002585962906595543
-0.05171444838358313
0.050015749729083715
-0.019446793021330108
0.0029318310540479113
0.019767436189993198
0.02396671282041428
0.0634935890577043
0.05255091353298106
-0.04793911188343129
0.031153700202759285
0.034408977075494715
0.0316537937054854
0.11114425482720432
0.04900699992507264
0.31769826422190073
0.5962365403909629
0.8186325714740503
0.9708043307756976
0.9851011553434472
0.9122644823654367
0.7941280416118666
0.5206543220682499
0.311890415439306
-0.02254998657993867
-0.3669333511727508
-0.5688974242807517
-0.7204153410837555
-0.9681674885441909
-0.9443906073427575
-0.8215310063101596
-0.6814648251460139
-0.5365010761369596
-0.3220479980210657
-0.03298140928641773
0.30061329436295064
0.504502230085837
0.81453632785969
0.8213372124683744
0.8918837628965859
0.8919722101333554
0.6737424863680016
0.5654210668228561
0.24861355071145352
0.024774434289189472
-0.24259980324271907
-0.5335091092018538
-0.6377573214257677
-0.7582834263820305
-0.8275043559603228
-0.793924474951655
-0.6383385353450439
-0.5210093368416399
-0.2724942544491903
-0.051810605611404034
0.19977374911682788
0.4981693924330612
0.7214228833888007
0.8522100571427781
0.8843565163285991
0.7457447110939868
0.6589227953054951
0.5125139038505903
0.22154503938142203
-0.033914027832448415
-0.35750674149372674
-0.4581713179791527
-0.5832920741233467
-0.7749792195981705
-0.7780398871326835
-0.7309266910176151
-0.6507208596059935
-0.4233965641568164
-0.1913774625093319
-0.030240293921290413
0.1989310198346863
0.4293191765216275
0.5597452407610668
0.6667272448867285
0.7437673750310645
0.6102518815188183
0.48868515695341014
0.41601977069998647
0.210256137677091
0.058356888257716476
-0.24964031466448286
-0.36619606385921155
-0.6527201366093114
-0.7396809451847312
-0.6635629606066077
-0.6656946656175995
-0.5803946785203817
-0.3319505786976752
-0.1572911213810579
-0.04373168047608199
0.2762562360940839
0.31657918713231237
0.5449105247653389
0.5437110161628894
0.6798740223591361
0.6535305916196266
0.4598946080053724
0.37384832781597915
0.07795210007566206
0.03197043133303878
-0.1888766100398658
-0.45377522228579503
-0.45907416305902693
-0.6048916603921018
-0.6580206217347935
-0.6451217657345754
-0.5305713631876245
-0.37361504051093186
-0.25265434185218544
-0.01639486108504201
0.13626535551753222
0.3440346816722877
0.46518255412188403
0.605535824481807
0.505044653491739
0.5928800631437589
0.4826321023281634
0.3061331895078699
0.20303569961114853
0.11702431270955943
-0.12483734855368209
-0.38065498908662615
-0.5444076011005533
-0.5387590739403616
-0.44425830081883877
-0.5751274832808091
-0.5611505342098045
-0.29005022275157205
-0.11558247449296347
0.005266560734400177
0.17003048496815185
0.312367805732326
0.42220429909225476
0.6179135394103359
0.5394557873252862
0.5434593702376762
0.3190429901281746
0.30829329049214904
0.15388598506435472
0.10044441292076749
-0.07682373942337015
-0.28118968560066326
-0.4428305806024213
-0.4274705719717859
-0.3831203211881242
-0.5430347103678326
-0.420837860779431
-0.28093442712104694
-0.19355781098292596
0.03362654463719658
0.09663663263492812
0.2709117327763997
0.3857952813861473
0.38875529196515896
0.42186352841574276
0.4386399346539746
0.3943155367308931
0.20125358816989117
0.16772389091656947
-0.05977792581730689
-0.1830494060015977
-0.3302665673536407
-0.3887101212609914
-0.4266297129071331
-0.398193630798544
-0.5280794202332681
-0.3468083030307408
-0.2677329715445392
-0.09837728904003108
0.03680940076215014
0.13936682391063676
0.316925111091104
0.3703231751276366
0.44533379097870324
0.3409211264576994
0.37260371220165994
0.4034664832227495
0.21906513904471314
0.1284849786568787
-0.016747725086656312
-0.17872837050117965
-0.29123903903791254
-0.44263416993145643
-0.3541722165660577
-0.4876675405307256
-0.38390682912346735
-0.3503140632533529
-0.1750339522995809
-0.08062443300906105
0.02884574953433957
0.13033927764783473
0.18964450684559395
0.3157563395145929
0.36772106352899353
0.3543429896858523
0.2946763332692173
0.36619833399173424
0.29773584173258655
0.07289777845649535
-0.02340741886852478
-0.11581755196508235
-0.20421752532696658
-0.27317913973033575
-0.3610079969592923
-0.4635444500299322
-0.3882379792228868
-0.3036236707106069
-0.16562089966937177
-0.10260546495370759
-0.048110409100916796
0.10714790963024992
0.21329481210528317
0.3003798387935218
0.3810923345178542
0.36932512528315586
0.3479629924331544
0.26464491996187967
0.21620392991659096
0.09774917772944906
-0.14148399385537622
-0.07905333562791618
-0.22237529715178367
-0.23713732837389317
-0.355357786725201
-0.2438870795914794
-0.32507117956181547
-0.33653311915455564
-0.18560079852309155
-0.15148162506233262
-0.04156078936700117
0.1236987676234511
0.30060785667504275
0.2460966224988901
0.2691155008669087
0.2964792156140397
0.3193712780645012
0.3526066213455119
0.21367693036155633
0.05425598002012882
0.011875222195660886
-0.0902431733954472
-0.26748314763012393
-0.2938959330434817
-0.3187194273935874
-0.41274343907245126
-0.3306873373335512
-0.2834818293238455
-0.17274001042108086
-0.1011903174442178
0.024494677912559052
0.07972258434396229
0.10269552079211659
0.24854758303341137
0.3118447683856279
0.3541680914516845
0.34928974319962036
0.2776892074998747
0.21558052934573224
0.0716457993365268
-0.10784064564938547
-0.13086292811489736
-0.13894544555151533
-0.2254750967139409
-0.2138381465266385
-0.29758286002238066
-0.2000162362437391
-0.23422639824018726
-0.1710539676140094
-0.05303465100931571
-0.039012657532064975
0.1086515165629116
0.14941703928663247
0.20607029057156914
0.25052338712481687
0.2399709215192535
0.3202832561872287
0.22500590778657958
0.21899356595932362
0.12820251715629483
0.023443716078613994
-0.04074133564877239
-0.23792279267252722
-0.2107520441791261
-0.27616080837527607
-0.15699988333784887
-0.23673961780826439
-0.2452829398818148
-0.20560749491549374
-0.21430577506192178
-0.12613384037651115
0.1325123503771462
0.12964882934921088
0.210272583640474
0.22318722447697725
0.2594889376962577
0.1968036831100845
0.21458040887379243
0.1137779833333995
0.1274028573153686
0.06426525945985648
-0.007125816344364544
-0.19661511292567066
-0.1603085358237994
-0.23716067180682077
-0.2012151097257701
-0.2589550294242764
-0.1595441459572517
-0.08840081002093772
-0.1763107134780258
0.024790421843804675
0.08507198979342152
0.13290039781142182
0.1634615447022024
0.23119436792593778
0.13885080024229246
0.23842778901716707
0.1651661869096856
0.0631401974739494
0.0559803353048233
-0.020201034423146372
-0.07246341914095344
-0.13897599816940792
-0.2000517750059414
-0.22275294353988115
-0.18659032781425228
-0.12526539182374585
-0.14911104083120505
-0.13188772903787926
-0.17461193805953412
-0.019050562087351692
0.07463098789671697
0.1321502970882451
0.1986527984097668
0.21138901544189787
0.13691708105943248
0.18550463055073474
0.11568316890598385
0.18316710320459706
0.10654331688249188
0.005085289476609089
-0.11137878468027623
-0.12711330674808788
-0.058897657413891316
-0.12316958798037622
-0.16162333149534344
-0.13242752228186522
-0.17778105203679695
-0.16298340592883512
-0.05047652485026567
0.03280781234434341
0.03141938113574767
0.1210919127425287
0.07766073517358742
0.24828803861219667
0.14928464317624288
0.21315737238750854
0.07821920026937927
0.031444677848812885
0.024215332462129598
0.05755269548896731
0.0070497556331661285
-0.10444677501946911
-0.10910247439787366
-0.17231304861756605
-0.18770013282464176
-0.2262858027825188
-0.08507793952629239
-0.15405468546417123
-0.0059027134117004415
0.03547522072188734
0.0965423738566791
0.15335763745116257
0.13077714199731166
0.06665191242385377
0.15053628725984367
0.15143159527484
0.115068908547307
0.12201881023872176
0.09659408951407453
-0.011359704533382515
-0.05850294470524151
-0.13700621442992617
-0.17287396021700352
-0.13184977769587614
-0.07519641282042945
-0.1612286559245218
-0.15074793291858762
-0.1532113421897642
-0.07764212429478741
-0.0056989414636160005
0.09593670721345729
0.1262214963267869
0.10521765051307144
0.16560162429319886
0.08970703974726169
0.09701734417519318
0.2047086347133946
0.09030708118119415
0.002302135054651079
-0.00860919201451134
-0.007061800421871198
-0.07390913334147171
-0.12421887220283223
-0.20944538750377645
-0.15089140360432005
-0.12304740514141099
-0.07096131843715782
0.0027754232381036886
0.020273441303062092
0.05785617216805289
-0.05466637057659065
0.09398093351176097
0.1331863329781128
0.08586634670415033
0.17079100506236966
0.10087812526530393
0.12004680443935092
0.07124353830855462
-0.04877269692612977
0.040541571571512794
-0.02132125179753435
0.008651686123792884
-0.10118494537713986
-0.21920026946944488
-0.16600785572195903
-0.09263027765382545
-0.1600247389903378
-0.030752920010943263
-0.08995275854450772
-0.06078555326470126
0.014149217282267718
-0.037825875609240805
0.0971152599297795
0.13186089573647589
0.10678776312720571
0.0680266342969858
-0.0032196935470402005
0.11478521899381056
-0.015096755598211817
0.04729722992036101
-0.10743953159339278
-0.12499648667286901
-0.040106808707869326
-0.12459125378994415
-0.04520829680395494
-0.1253989323984809
-0.05500956784894697
-0.025890052719669973
-0.044147332830931356
-0.03758418121783733
0.04820201361250886
0.05494944726789325
0.04224316573757507
0.19076587440034332
0.14470726635692577
0.08520434660605283
0.08869652722271604
0.15925305751403396
0.02030968474802356
-0.04471701162352734
-0.023875046142189577
-0.10587758755176413
-0.06879584666207908
-0.1488366522004695
-0.09113193592235125
-0.06881247177753563
-0.13853876564332854
-0.10354613429829643
-0.05639639930096063
-0.028246194707728652
0.025249552069811016
0.03322006889934344
0.08391840268218173
0.0007390425738118267
0.07685658607854123
0.06634555889102903
0.04423303925898377
0.0835660298985545
0.042079593591673806
0.05606630153447296
-0.0638273256726837
0.025155015972929753
-0.08353045376179377
-0.07875639756822887
-0.13118787721919556
0.0742535879123868
-0.08700136677693507
-0.14192075168076815
-0.03020855207854227
-0.02649227675790899
-0.002578203108745337
0.009176524663152594
-0.004964191656250616
0.13669917732103748
0.037471077892586566
0.05964489009509061
0.1277727640865215
0.04427350013876815
0.06935852734162881
0.05337322920660355
-0.09409544142188095
0.04752272456850159
-0.07952887611277701
-0.12841591314049472
-0.04415579758616798
-0.09673385027961684
-0.13102172220386138
-0.093800697337166
-0.021479851436128104
0.022581546538969342
-0.018306478046016195
0.04981590734687789
0.08982807961198579
0.12409666221498922
0.019533909595136775
0.1518012612012446
0.05399520430561079
0.0911395465488067
0.00881852832316642
-0.0011328181615903553
-0.013127146500864034
-0.06751288839347132
-0.11579164242701401
-0.06472434324172158
-0.08193286405686166
-0.009611342970669887
0.005732695365316627
-0.004766411225403895
-0.13143122181604788
0.0486405854054306
0.0002443079485556811
0.009507531568876584
0.1041762063772053
0.14872993584014546
0.0688363308001728
0.10212924060763562
0.03897407475230898
0.03169725587494358
0.028763706727852834
0.018923677562170425
-0.06649147922451965
-0.06594861352557825
-0.08569542632549146
-0.0670512196084915
-0.20023928074086586
-0.10075221236420054
-0.05170739020836433
-0.11119494159571953
0.00011989280861932072
0.006445884595291838
0.05458730188218945
0.013537479687234719
0.07648253464688463
-0.027533692712053442
0.020701337860973605
0.010127092482654337
0.09344404258455122
-0.055342011101591204
-0.02592465549090829
-0.03237711326638445
0.0011823306746223186
0.026720700557116665
-0.08545334855761212
-0.07777307054250583
-0.17066240054965648
-0.09772231247333488
-0.11997976832919915
-0.009252604082571461
-0.036940158464744126
0.04962738038531881
-0.0018794949031710612
0.007251274690759868
0.034876995018698814
0.071941965470121
0.12223691249781957
0.07983757380158629
-0.0016836113462925587
0.03267121110211042
-0.04161463841533703
0.12497885331942511
-0.06077258909482315
0.028542429654597752
-0.1568576289707147
-0.09602326156720481
-0.015333038442325163
-0.1654112125195922
-0.15211420057258007
-0.00167288730163314
0.032300556551623255
0.0816329306659863
0.04600737596791848
0.04326992270093419
-0.001721484766374258
0.06454885738146562
0.05416077554021297
0.12492470137178463
0.04842570279569016
0.015583396340680126
0.1198256747001797
-0.0036803229483752574
0.10255185415993248
-0.019787731756625633
-0.07547772968436917
-0.10595005003507205
-0.09022739619546744
-0.0941553806542917
-0.08210235645507104
-0.01743027552008617
-0.07520134047925911
-0.011260293871115443
0.007919508150451206
-0.025314048981111253
0.004909364299319645
0.0417240759354964
-0.014913339753557686
0.11522581492942188
0.03777302136592446
0.04208960285724181
-0.002059599980687202
0.027948312304003024
-0.01561099230529572
0.03824733066837077
-0.003263744677797477
-0.06702700685605933
0.025438759278633982
-0.02770672622346667
-0.0762199313873265
0.08977190981308879
-0.010629035850831038
-0.025842529949066228
-0.023655353122122625
-0.06956202824994395
0.11611903383654115
0.06418274671773211
0.049987980283054415
0.09517528048955293
-0.008727977414365179
0.004571170068981778
0.011486458325167051
-0.008647995814287839
0.003404692496228443
-0.06941412150572504
-0.09072039629100805
0.0047645119209537914
-0.03323989844495502
0.056962185758168984
-0.03512702849949086
0.02862137660858463
0.034483401728991066
0.004779670175265305
0.05046040986286174
0.030973623603039676
-0.0021365025495900525
0.015202375177154292
0.06259337684715656
0.1122556388083496
0.08332856694576399
-0.01627251261741203
0.03113812684557213
-0.02291350290552723
0.018358666629821965
-0.07111688537917112
-0.019728260304454057
-0.009494517174643724
-0.05587216669776453
-0.03894484384422773
-0.010352098135338487
-0.02759416444686381
-0.05763291354510248
0.02045093919042302
0.07103950158171984
-0.016523452751993933
0.05316420185242955
0.15256399559992315
-0.020780173155032923
-0.05834813897853616
0.042521490658538316
-0.04683868199941546
-0.04728224733747555
-0.06692704410547788
-0.07332642724036628
-0.026331559465916293
-0.030817269128205326
0.0588422588304698
-0.029760468126091146
-0.07126441175038989
-0.006271760821104019
0.018207091240420255
-0.03462530564637606
-0.02298276470138091
-0.019401488666357578
0.037382705519417324
-0.04950812272982319
0.02833319741459307
0.05568174122558046
0.002112911269502322
-0.004611024969173191
0.023339025798689756
-0.09642564694003178
0.030496461449675133
0.021619105155826403
0.022853187136932004
-0.10087310976778348
-0.014728276654232963
-0.1380917556928568
-0.048177496955736684
-0.049004000118722746
-0.03634072627800507
-0.0549632318615864
-0.04866329623197275
0.10939753172731916
0.11587370783022899
-0.027885689461452538
0.11238008076318037
0.04005362721607057
0.0686644041077166
-0.14347031372292718
0.058856276003202014
-0.020298875385447945
0.09514615713074244
0.002937735368996979
0.012379555286091064
-0.03585049367894113
0.004310250840286786
0.01698922226129604
0.01035051009432271
-0.07919434721416846
0.08118937515995593
-0.08106316530669885
-0.01800153601651569
0.07935634521870752
-0.024831751896573204
0.09540171558325454
0.030908228453208328
0.042222315817859256
-0.015495982104992347
0.028011812936167748
0.04267232517142977
-0.008429145583635715
-0.09677300388128622
0.017333063115629703
-0.006885171155700469
-0.0016969210110821635
-0.08731855681230397
-0.04706970741935697
-0.011079415710705105
0.03134100953231932
0.03465500623736408
0.05960133066677823
0.04925587373869003
-0.06640360581108011
0.04693281317804285
0.04373226504156855
0.07964826820079886
0.07145494614656497
0.039817498374940204
-0.003608484044835318
0.0897882155230071
0.11937018316473877
0.027026021220049812
0.06873185585996017
0.019297575502810367
0.026681815781044955
-0.011504956054486187
-0.027383667680384863
-0.1320803087881971
-0.030335719982570692
0.009879575129868678
-0.05450772688169432
0.05922933700896471
0.02691554744740762
-0.04069915632786149
0.01219440199401636
-0.023188403640099844
0.013081317178274748
0.11425883876813701
-0.02447296208415619
0.002793728170729915
-0.04003835606782693
0.03956242692464372
-0.03981481614363655
-0.011271352867622462
0.03887817822629125
-0.017264520965425006
0.028362245313408953
0.015812055925703363
0.02946571999191226
0.03655361531522826
-0.013428475334853586
0.002260083511964639
0.03630409523478933
0.03541039213477436
0.0860411480387148
-0.01007859404790364
-0.054341301606125714
0.10656310997145395
0.0365652900847116
0.0469171479570159
0.03813070519922801
-0.03507579008716564
0.03186696944383039
0.003746362959033472
-0.04938426520384586
0.042624082655256954
0.002459371830282619
-0.04423887060757041
-0.03234758800771239
-0.046966946232113914
-0.055797343061073784
-0.08166667930265435
0.027051426433203542
-0.02719735747086656
0.03178802692832938
-0.10002039066423075
0.08418639871701024
-0.0331970717132352
0.14151277580139143
0.02503595367789787
0.12137413114898105
-0.08964026012423074
-0.0008491871893908263
0.03909675272107692
-0.03293854317912434
0.0041895330298475884
-0.041017152401276624
-0.10268566106047039
0.02282827102185128
-0.045088377576375356
-0.15564138294292282
0.008985790199069888
-0.015038811667376984
0.01513237938848593
0.014386649578517683
0.031672282050011324
0.04801501836789049
0.06311135976644307
-0.013415377013833461
0.04470003678041144
-0.08752007532336144
0.022577743048399337
-0.08942081757717517
0.00028345226549934127
0.02562424340433566
-0.03653416735139995
0.06911533716030428
0.04062206024577735
0.017933427778844553
0.0031262939540981395
-0.008142341852037598
0.047861090361539335
0.09319644277921073
0.011624635928336185
