1000
1.0
0.9979990151850178
0.991892668336716
0.9815378254949176
0.9668091203140533
0.94760127339536
0.9238314357983622
0.8954415349351758
0.8624005986568382
0.8247070309764362
0.7823908105765881
0.7355155810600638
0.6841805998671069
0.6285225109500561
0.5687169047171582
0.5049796274879628
0.43756780179959975
0.36678051842557086
0.2929591609762613
0.21648732450306843
0.13779029068463797
0.05733402399071677
-0.024376344250468522
-0.10679857366368625
-0.1893559402050388
-0.2714404498650742
-0.3524166556656202
-0.4316260862601697
-0.5083922869207099
-0.582026465316838
-0.6518337253008786
-0.717119861959425
-0.7771986805515484
-0.8313997907232039
-0.8790768156850661
-0.9196159440101088
-0.9524447395146105
-0.9770411125229971
-0.992942343897621
-0.9997540417762729
-0.9971589002606139
-0.9849251196137463
-0.9629143391457741
-0.9310889271945008
-0.8895184677527616
-0.838385280663431
-0.7779888122015198
-0.7087487355807703
-0.6312066067303009
-0.5460259298264367
-0.4539904997395469
-0.35600090492175424
-0.25306909441844133
-0.14631093666780517
-0.03693672551623783
0.07376037970359864
0.1844179583292164
0.2936199170817431
0.39991396298803844
0.5018308173272512
0.5979049830575188
0.6866968330443004
0.7668157413586926
0.8369439358959699
0.8958607086236842
0.9424665810221281
0.9758069879021527
0.995095013987018
0.999732695648169
0.9893303861947879
0.9637236782900095
0.9229873824760302
0.867446077388836
0.7976807758250682
0.7145312919844613
0.6190939493098336
0.5127143354657401
0.3969748909089681
0.27367720963923237
0.14481903413817415
0.012566039883351244
-0.12078137356360444
-0.2528259401739716
-0.38111555773786354
-0.5031888827571441
-0.6166237523636591
-0.7190875721679953
-0.8083886951576406
-0.8825277165667635
-0.9397475269457144
-0.9785809043254717
-0.9978943900892202
-0.9969271853225082
-0.9753238279807898
-0.9331594685914815
-0.8709566551035015
-0.789692666790885
-0.6907966027432018
-0.5761356313184037
-0.44799004074290877
-0.3090169943749461
-0.16220318233434117
-0.0108068683644731
0.14170985011704149
0.29175742792713516
0.4357024454966041
0.5699566086714878
0.6910691367505521
0.7958202594541074
0.8813133489517763
0.945063075179805
0.9850769007823126
0.9999272342631642
0.9888116429045171
0.9515986952946452
0.888857259179405
0.8018674234198856
0.6926116397907767
0.5637451847596539
0.4185456135951901
0.26084150628989705
0.09492147087434162
-0.0745749440898039
-0.24278209103979395
-0.4047458216455864
-0.5555702330196015
-0.6905694160719839
-0.8054196222817831
-0.8963069501100718
-0.9600654814890273
-0.9943007903969989
-0.9974939132915212
-0.9690812236865366
-0.9095061928878705
-0.8202397414976902
-0.7037667801078913
-0.5635375833907879
-0.4038838127655349
-0.22990026493054608
-0.047294736177240546
0.13779029068463766
0.3189791592432773
0.48988160327906033
0.6443211941452122
0.7765656915136007
0.8815507582484088
0.9550882373864561
0.9940502563986312
0.9965208440132538
0.961907528009243
0.891006524188367
0.7860166072428949
0.650498537277282
0.48927894903774516
0.30829982688694185
0.11441700599751563
-0.08484653337842507
-0.2815845769931932
-0.4678187533018019
-0.6358249991170466
-0.7784623015670249
-0.8894897581724002
-0.9638577161088694
-0.9979590899437683
-0.9898279440511425
-0.9392740631527854
-0.8479444929921902
-0.7193058520676241
-0.558544501897493
-0.37238529473431015
-0.16883344471273312
0.043152079563814276
0.2540415513904724
0.4541584424463242
0.6341261130528829
0.7853169308807475
0.9002823064075243
0.9731419210783125
0.9999112854117035
0.9787487293388496
0.9101059706849968
0.7967704461424314
0.6437924795881026
0.45829590621934574
0.24917671872607283
0.0267003640470509
-0.19798582129863732
-0.41340322283346276
-0.6083293239819407
-0.7723922552350987
-0.8966410367852339
-0.9740597638102093
-0.9999954520897393
-0.9724725009782987
-0.8923716729850144
-0.7634579630955826
-0.5922494638612144
-0.38772795818989947
-0.16090104582492235
0.07576537161859848
0.30901699437494967
0.5255488660749392
0.7127707418226025
0.8595562935184294
0.9569312156978841
0.998656800905955
0.9816697860902397
0.9063461389207943
0.7765656915135974
0.59956570659832
0.38558399227740286
0.1473053537276764
-0.10086181908026581
-0.343640026166219
-0.5658192377781776
-0.7532190881467175
-0.8936159292541062
-0.9775734813846619
-0.9991193184261848
-0.9562169438733514
-0.8509944817946938
-0.689705485325306
-0.48241425677402994
-0.24241636193132937
0.014576473677362256
0.2714404498650744
0.5107710101921762
0.716068071383312
0.8728948286848924
0.9699281144151561
0.999822352380809
0.9598190067919579
0.8520486872189262
0.6834929351456392
0.46559598508524963
0.21354193691633633
-0.054761968176560365
-0.3199317919068537
-0.5624990428670827
-0.7643500027689321
-0.9101059706849958
-0.9883381343355063
-0.99251890100066
-0.9216276144470874
-0.780351830867075
-0.5788542930397725
-0.33210845187461085
-0.05883944218307805
0.21985982536321472
0.48213904730101526
0.7071067811865482
0.8765184816112663
0.976299029091881
0.9977703596392415
0.9384737362063394
0.8025051825423836
0.600319729247487
0.3480027018075987
0.06605098776047794
-0.22224964643858827
-0.49272734154829456
-0.7223543066456278
-0.8912346121320758
-0.9843768235140139
-0.9930905945901108
-0.9158729271766082
-0.7586894668371947
-0.5346060700635665
-0.26278199269791314
0.03310633599742216
0.3268880296549429
0.5921988356337712
0.8048606533376638
0.9451246753320754
0.9995676951046429
0.9624552364536488
0.8364277568736533
0.6324241602887498
0.3688254829354425
0.0698748665373594
-0.2364989970237376
-0.5212658414345831
-0.7570497938317678
-0.9207964731120778
-0.9960893244747531
-0.9748779540551195
-0.8584303779559619
-0.6573910282446908
-0.3909110584362637
-0.08490913849430533
0.23038942667658308
0.5234090068226264
0.7643905153380569
0.928452118781428
0.9982265538425148
0.9657901765531246
0.8336622653828082
0.6147423311765012
0.3311600347243268
0.012126250437189455
-0.3090169943749486
-0.598257472788653
-0.8245293143121821
-0.9631005865584635
-0.9983586523517177
-0.9256726209293502
-0.7521021247669958
-0.495840664592104
-0.18441795832922853
0.1481753465663718
0.4651510780774563
0.730986979966564
0.915443579852878
0.9970778717463614
0.9658390409623009
0.8244226452511744
0.5881918343152702
0.2836337742289618
-0.0545110161698532
-0.3871487141025338
-0.6753328081210318
-0.8848510741135531
-0.9903572527416022
-0.9785420827533677
-0.8499368361498651
-0.6190939493098279
-0.3130776132355197
0.031599161067023464
0.3732598223369019
0.670079487737273
0.8852313113324564
0.9915293981596462
0.9749758257971565
0.8367375534726732
0.5932615371418712
0.27446274768780066
-0.07983705992657376
-0.42481256553041424
-0.7162873287783372
-0.9164270019094893
-0.9987369566060174
-0.951695203088625
-0.7805089714855212
-0.5067140339790274
-0.16561219572563585
0.19817058204802962
0.5364632508707362
0.8039274499451371
0.9641917451379417
0.9949067793612973
0.8910065241883584
0.6656837209755968
0.34888611395398017
-0.01652402530274739
-0.3804764792872391
-0.6925209917473483
-0.9088521061894291
-0.9985506060426392
-0.9481418530636538
-0.7637825100329284
-0.47070393216534134
-0.10992166636661356
0.2673863759384491
0.6070818569569134
0.8598451429891442
0.988414551331421
0.9732141944016576
0.8155037294285136
0.5375233327926764
0.1795371281896346
-0.20586260876988463
-0.5614076193538168
-0.8336622653828032
-0.9811269832289775
-0.9806993803372236
-0.8314696123025462
-0.5552044798598681
-0.19336453340776436
0.19897113051373397
0.5614076193538078
0.837528040042144
0.9837511980177829
0.9763533920391883
0.8155037294285096
0.5256023200794423
0.15177837367789068
-0.24698548268665008
-0.607081856956933
-0.8704313165033962
-0.9939402533669657
-0.9567120515588285
-0.7637825100329287
-0.44568541874457096
-0.053820880445017996
0.3477081623604333
0.6925209917473709
0.922963201058827
0.9998634689735361
0.9093755550259028
0.6656837209756027
0.30901699437495095
-0.10079930744270073
-0.4942574854555375
-0.8039274499451261
-0.9760809606532064
-0.9801675471115862
-0.8144478187938999
-0.5067140339790281
-0.10985921504169607
0.30704436229656706
0.6706855765367215
0.9164270019094903
0.9999146015025496
0.9052813287412085
0.6483963184469005
0.274462747687795
-0.14972861959425415
-0.5476041148572259
-0.846609567372046
-0.9915293981596456
-0.9548645447466487
-0.7422893506670859
-0.3920673939923407
0.03159916106700779
0.4501794833817296
0.785316930880728
0.9735597691789453
0.9785420827533703
0.7982488108912609
0.46587399223403997
0.04396811831787526
-0.38714871410252566
-0.7446005422462666
-0.9589326786154628
-0.9877668483548181
-0.8244226452511814
-0.49970976403361156
-0.07639186915993186
0.3627438309597555
0.7309869799665627
0.9548645447466387
0.9889611047305812
0.8253816118260598
0.49584066459208426
0.06580020710120633
-0.3783255197072818
-0.7464430944644399
-0.9631005865584629
-0.9831248893959939
-0.8013039350037668
-0.45399049973954847
-0.012126250437202437
0.4330424941157202
0.7887280052462172
0.9800053516293132
0.9657901765531216
0.7479463943760769
0.37145210072129486
-0.08459610956785092
-0.5234090068226454
-0.850994481794698
-0.996388698350278
-0.9272570637785968
-0.6573910282446874
-0.24430559032927573
0.22273970166387075
0.6418672906485656
0.9207964731120754
0.9973083381358397
0.8533943534811369
0.5198173426207104
0.06987486653735524
-0.3964558071276521
-0.774622283105167
-0.9789928373805822
-0.9624552364536468
-0.7275907912668412
-0.326709883655892
0.14948012063659974
0.5921988356337686
0.8994052515663717
0.9994518350159883
0.8680706084714658
0.5346060700635843
0.07582802272284274
-0.40146828176697447
-0.7852002204698576
-0.9843768235140108
-0.950901067270746
-0.6915231418184904
-0.26690198932038334
0.2222496464385744
0.6588575347841866
0.9374935303961345
0.990005943728684
0.8025051825423942
0.41940138193322307
-0.0667406130131757
-0.537311384260536
-0.8765184816112731
-1.0
-0.8760947089599881
-0.5343405472561269
-0.05883944218305359
0.43213611595808493
0.8154309948912964
0.9939747372273654
0.9216276144470876
0.6154854166716915
0.15227518582555066
-0.3505343201912777
-0.7643500027689294
-0.9823813147532725
-0.9474405778344426
-0.6673231642728208
-0.21354193691633702
0.2965615768014849
0.7299571272382764
0.9726333189483577
0.9598190067919571
0.6936533058128043
0.2433915628510179
-0.27222650622521044
-0.7160680713833162
-0.9690812236865416
-0.9624552364536471
-0.6967245330564549
-0.2424163619313201
0.2782669824249562
0.7240900106424338
0.9730985109821261
0.9562169438733475
0.6768143001820787
0.21059460699045923
-0.3145094121266047
-0.753219088146733
-0.9831248893959971
-0.9391014494805493
-0.6321807743164767
-0.1473053537276708
0.37977909552181066
0.8003255359360202
0.9946177995851017
0.906346138920783
0.5593780982863138
0.05181306789103616
-0.47136903021974247
-0.8595562935184322
-0.9999676594546185
-0.850763415625838
-0.4539904997395376
0.07576537161861081
0.5841193434355797
0.921773849942541
0.9885381963040134
0.7634579630955723
0.3118839035232207
-0.23301767066258944
-0.7092361459057599
-0.9740597638102145
-0.9470983049947359
-0.6351458132215134
-0.13106605692917925
0.4134032228334899
0.8331066372286123
0.9996434817272396
0.8609977903783559
0.45829590621930677
-0.08584817486885285
-0.6042820998126822
-0.9365498867482027
-0.9787487293388457
-0.71646268379515
-0.23020599783670026
0.3287875296948552
0.7853169308807789
0.9951507949572146
0.8909209331667627
0.5042744413324786
-0.043152079563790295
-0.5775727034222377
-0.9280782252943989
-0.9814776884041063
-0.7193058520676557
-0.22476058323074394
0.3431679388993717
0.8005138555603324
0.997959089943766
0.869935972973424
0.4569551073206621
-0.10661115427523005
-0.6358249991170251
-0.955756057054748
-0.959536412023838
-0.6445614172119581
-0.1144170059975329
0.4546621737236879
0.8721273473687792
0.9970248353343951
0.7860166072428816
0.30901699437495467
-0.27337503097236765
-0.7635796908065654
-0.9940502563986316
-0.8848803440931492
-0.4720892507054719
0.10361193342705113
0.6443211941452204
0.9628464987661982
0.947761729533562
0.6029295416890457
0.0472947361772797
-0.5256023200794236
-0.9148102895059527
-0.9826153888428377
-0.703766780107909
-0.17551793285648917
0.41569037166935935
0.8597167993864231
0.9974939132915244
0.7784623015670417
0.2797753942955884
-0.3202294233498193
-0.8054196222817649
-0.9997326956481684
-0.8314696123025489
-0.3604005955359921
0.24278209103977266
0.7578702287247262
0.9954847635032152
0.867070701164498
0.4185456135951763
-0.18540593146083414
-0.7213106934091208
-0.9895036058769892
-0.8888572591794054
-0.45555733690470834
0.14916948366364122
0.698525199705714
0.9850769007823146
0.8994052515663653
0.4725323067890417
-0.13455346959740982
-0.6910691367505694
-0.9840320005091445
-0.9000907615281264
-0.4700385665208412
0.14170985011702095
0.6994238791408349
0.9867573803324733
0.8910065241883675
0.44799004074289095
-0.17056721907817138
-0.7230491363928475
-0.9922089183340803
-0.8709566551035127
-0.40566490149320916
0.22077914433413626
0.7603243475476372
0.9978943900892215
0.8375280400421236
0.3418692521994371
-0.2915170259695922
-0.8083886951576416
-0.9998539649921069
-0.7872579933039305
-0.25525676144066045
0.3811155577379045
0.8629090771033578
0.9926791323484571
0.7159364830218142
0.14481903413814534
-0.48659156291048555
-0.9178294699930882
-0.9696368612121958
-0.6190939493098444
-0.010555555290041202
0.6030799116859492
0.9651846945850168
0.92298738247603
0.4927273415482643
-0.14568935085198217
-0.7232661208614671
-0.9950950139870195
-0.8445971547495535
-0.3343003793842458
0.3192768916260683
0.8369439358959709
0.9960893244747494
0.7269439177040392
0.14401078255222666
-0.5018308173273144
-0.9308824931598633
-0.9559222480374124
-0.5645752340117104
0.07376037970360304
0.6805060469031259
0.9892386515959631
0.8630360604698477
0.35600090492170955
-0.30901699437500874
-0.8377682758121244
-0.9947729117817727
-0.7087487355807451
-0.10586143890866577
0.5450780872194877
0.9520610759963894
0.9310889271945132
0.49010069227182546
-0.17298123815557653
-0.7583619152886882
-0.9997540417762719
-0.7859777627017601
-0.213050849422927
0.45801665895493515
0.9196159440100861
0.9586649342277791
0.5556747141857475
-0.10461177977217458
-0.7171198619594168
-0.9971589002606133
-0.8131698430652878
-0.24942011090536123
0.4316260862600972
0.91093728207151
0.9624552364536532
0.560419298672786
-0.10679857366370887
-0.7241333446868393
-0.9983550519194219
-0.7977944395385933
-0.21648732450305697
0.4689290301627702
0.9303075036263433
0.9452272676273975
0.5049796274880106
-0.17947531692448387
-0.7777913944168813
-0.9994906453282062
-0.7355155810601081
-0.1128563848735017
0.5655601763367231
0.9677654591681638
0.8954415349351841
0.38256733121780334
-0.3194555159321324
-0.8643028945393912
-0.9815378254949231
-0.6115159925616146
0.06322946852323924
0.7071067811865362
0.9980542486089978
0.7890755077183639
0.18349156422713936
-0.5150859473599859
-0.9543967750965886
-0.9113515570199964
-0.40618170379817636
0.30590800508087823
0.8628773227448063
0.9798550523842403
0.5955352742662778
-0.09460872543332052
-0.7367913457712054
-0.9999676594546185
-0.7469863937211209
-0.10711093087529251
0.5889537749670632
0.9794515313384708
0.8598772204038276
0.2910361668282607
-0.4307190261033082
-0.9271629311416557
-0.936483795947804
-0.452198108385712
0.2714404498650982
0.8520486872189265
0.9810540167989676
0.5883950696029563
-0.11828611995401689
-0.7624425110114705
-0.998956906962071
-0.6996034825349595
-0.02368539347294517
0.6656368323965539
0.9959943839327445
0.7873742101563996
0.15128152318159238
-0.5676828300791414
-0.9778899389702705
-0.8542774316993009
-0.26284261582147245
0.47336271506210953
0.9499437009942849
0.9034310953489911
0.3578790788750531
-0.38627956146762255
-0.9168288655678284
-0.938126077727402
-0.4367201452945573
0.30901699437493513
0.8824981674933229
0.9615459809190103
0.5001995046591365
-0.2433306199898669
-0.8501684898821125
-0.9765702270759413
-0.5493903721608852
0.1903429664554294
0.8223546237506117
0.985644595148993
0.5853935870577501
-0.15072252069104833
-0.8009278806011751
-0.990702306119853
-0.6091767443796201
0.12483452651077087
0.7871804998622262
0.9931200565489786
0.6214595902003023
-0.11285638487354067
-0.7818818477992316
-0.9936961197928142
-0.6226402922315664
0.1148539294874626
0.7853169308807704
0.9926411387747428
0.612758102054416
-0.1308168934216286
-0.7973016921101206
-0.9895761186026399
-0.591489795060161
0.16065298799323324
0.8171730671564474
0.9835361647032759
0.5581796259215513
-0.2041406816297061
-0.8437551051151897
-0.9729825816977268
-0.5119049348295011
0.2608415062898657
0.8753059043413225
0.9558299574486198
0.4515815512903549
-0.3299740427465597
-0.9094539485140976
-0.9294986622569527
-0.37611429785846795
0.4102541324058559
0.9431368263611335
0.8910065241883861
0.2845976550144764
-0.4997097640335891
-0.9725602774634777
-0.8371158303866146
-0.17656939245347505
0.5954847984311443
0.9932007534741377
0.7645525354360782
0.05231504098342265
-0.6936533058128022
-0.9998795754781076
-0.6703126517434757
0.08678713498749807
0.7890755077183301
0.9869401966897645
0.5520650544695603
-0.2379028862942684
-0.875336286188598
-0.9485604174671638
-0.40864907473638273
0.39639812332315044
0.9448163388062869
0.8792265257832572
0.24064818648850925
-0.5555702330195775
-0.9889517926468517
-0.774383809773736
-0.05099733375133462
0.7065289705831932
0.9987369566060188
0.6312553387954833
-0.15444828493984283
-0.8383167775114225
-0.9655126301117705
-0.44978670516790153
0.36648823560860316
0.9383651948011865
0.8820545133817925
0.23362864711955764
-0.5724321255946153
-0.9933751726205787
-0.7439291115255477
0.008984834098034366
0.7563925851059434
0.990676644157569
0.5510168335626358
-0.264660825941614
-0.9001728735133822
-0.9200596232355399
-0.3090169943749323
0.5148166439337606
0.9848707273518273
0.7759715514896053
0.03065714002904848
-0.7364513976298669
-0.993237277057001
-0.5598467478712548
0.2637518380222862
0.9039422755208745
0.9126915874034839
0.28218741587945045
-0.5468152652001039
-0.9919802617467494
-0.7387000829339094
0.036120456584049616
0.785977762701728
0.9795654219086652
0.478005210201735
-0.36385606602631254
-0.9470983049947466
-0.8547017408010825
-0.1509709722032002
0.6614532461799862
0.9996316416065215
0.6190939493098029
-0.20782974498658432
-0.885318974518118
-0.9229632010588117
-0.29181752553757073
0.5516458706284879
0.994480221085661
0.7129469996236136
-0.08929064948825996
-0.8267979358789561
-0.9589683135152073
-0.3872066453927332
0.46976125194933754
0.9811876820710855
0.7686275108429734
-0.012566039883414306
-0.7850056411235737
-0.975254420037837
-0.44033410044810234
0.423048465195965
0.9712590426092772
0.7935318043580953
0.021172752259859026
-0.7676217299189859
-0.9797671205763507
-0.4539904997395096
0.41477582641360083
0.9705518978053445
0.7915777490389064
0.011812113677303058
-0.7774753662986758
-0.9751988243804426
-0.42901711574695706
0.4454604189730312
0.979438857496422
0.7624425110114788
-0.040641012874964924
-0.8129869539332097
-0.9588256830613836
-0.36391459036345597
0.5130918999495689
0.9928226143784268
0.7016209730290108
-0.13579857265476789
-0.8679146041749425
-0.9226727398701506
-0.2555605010462048
0.6123111166501491
0.9999790587464717
0.6013242631756319
-0.27144044986509536
-0.9305147643674417
-0.8541794332627316
-0.10111186164621062
0.7326997061754568
0.9845643345292218
0.45247829022035807
-0.4409545335365911
-0.9825570157763981
-0.7378524834673844
0.09879872627478313
0.8566202802944521
0.925482336848537
0.24820299276924013
-0.6299874957322441
-0.9990329346781245
-0.5585966182183879
0.33566201903251913
0.9574948715080194
0.799609201142492
-0.010995352723213225
-0.8131332716587635
-0.9498258535002785
-0.30734333100540845
0.588141019687628
