1000
0.0
0.3080913325787631
0.5842690997846929
0.8017685085390478
0.9397120410842529
0.9851119396030626
0.9340906498755371
0.7922047835509324
0.5738463422195891
0.3007851652969175
1.188453016407026e-16
-0.2989858576260685
-0.567001338276463
-0.7780726680515683
-0.9119393530919654
-0.9559974818331
-0.9064840991011384
-0.7687915938527646
-0.5568866197501483
-0.2918956202200439
-2.3066578432089004e-16
0.290149490127389
0.5502439162464199
0.7550771454868149
0.884987472075214
0.9277434863285529
0.8796934452054425
0.7460703684840546
0.5404281328294586
0.2832688009049133
3.3577287020500686e-16
-0.2815742767555008
-0.5339817508835776
-0.7327612433222375
-0.8588321395217767
-0.9003245225862656
-0.8536945747915211
-0.7240206568082406
-0.524456067708308
-0.2748969426318148
-4.344657095696158e-16
0.27325249923952866
0.5182002051413811
0.7111048757395169
0.8334498138668169
0.8737159116880344
0.8284640871210249
0.7026226125964145
0.5089560484499404
0.26677251016318376
-1.0018928664842298e-15
-0.2651766674179676
-0.5028850745633752
-0.6900885505459811
-0.808817649303888
-0.8478937040879159
-0.8039792730519408
-0.6818569761643734
-0.493914123990744
-0.25888819096138577
-6.137465944967684e-16
0.2573395124970448
0.4880225744982334
0.6696933516303112
0.7849134752221616
0.8228346580560184
0.7802180945988317
0.6617050570376078
0.4793167555833394
0.2512368886069303
-2.184898156891811e-15
-0.24973398050830753
-0.47359932769265695
-0.6499009219367643
-0.7617157762513844
-0.7985162187593771
-0.7571591650971645
-0.6421487171286074
-0.46515080461081604
-0.24381171641121965
-7.706730337402269e-16
0.24235322595957715
0.4596023522509151
0.6306934469425922
0.7392036728965916
0.774916497961081
0.7347817299538599
0.6231703544113599
0.4514035207610613
0.23660599121806627
8.413832288469171e-16
-0.23519060567354394
-0.4460190499502865
-0.6120536386237515
-0.717356902745149
-0.7520142543193826
-0.7130656479667695
-0.6047528870783466
-0.43806253055064115
-0.22961322738838755
1.724674363412684e-15
0.22823967280845903
0.43283719490180655
0.5939647198945338
0.696155802229223
0.7297888742690568
0.6919913731962244
0.5868797381657485
0.4251158261878288
0.22282713096271875
-1.5856597679016084e-15
-0.22149417105554434
-0.42004492254612114
-0.5764104095070396
-0.6755812889272271
-0.7082203534678
-0.6715399373723756
-0.569534820633067
-0.41255175476476036
-0.21624159399619663
-1.0252884954765278e-15
0.21494802900787982
0.40763071897461434
0.5593749073969716
0.655614844388371
0.6872892787909722
0.6516929328224661
0.5527025228837094
0.40035900776906325
0.20985068906102128
-1.3274870249021883e-15
-0.2085953546957543
-0.39558341056608337
-0.5428428804625027
-0.6362384974647957
-0.6669768108584744
-0.6324324959026895
-0.5363676947134893
-0.38852661090539803
-0.2036486639113427
3.5420880500516005e-15
0.20243043028346375
0.38389215392973947
0.5267994487634439
0.6174348081363253
0.6472646670780347
0.6137412909197024
0.5205156336744169
0.37704391421788463
0.19762993630588604
-1.094006343860182e-15
-0.19644770692288352
-0.37254642614543015
-0.5112301721282989
-0.5991868518132765
-0.6281351051896409
-0.5956024945273201
-0.505132071841508
-0.3659005825043912
-0.1917890889835213
-1.2124657602254927e-15
0.19064179975916068
0.36153601529229357
0.49612103715714395
0.5814782041031866
0.6095709072963093
0.5779997805843868
0.4902031629706944
0.3550865860141822
0.18612086478739365
-8.832173764647777e-16
-0.18500748308392853
-0.35085101125733303
-0.4814584446086051
-0.5642929260277458
-0.5915553643668151
-0.5609173054601366
-0.47571547003626313
-0.34459219142045644
-0.180620161933118
-1.2845894075613366e-15
0.17953968563184758
0.34048179681565455
0.4672291971596289
0.5476155496766427
0.5740722611964361
0.5443396937738533
0.4616559531366196
0.3344079530596729
0.17528202941680077
-6.932690169318971e-16
-0.17423348601613162
-0.33041903897432423
-0.45342048752701836
-0.5314310642854098
-0.5571058618121739
-0.528252024555998
-0.44801195775751074
-0.3245247044298572
-0.17010166255885073
2.5553403863175178e-15
0.16908410829894316
0.32065368057202176
0.4400198869399831
0.5157249027247065
0.5406408953093166
0.5126398178183246
0.4347712033820981
0.3149335499401001
0.16507439867941406
-5.224488035082345e-16
-0.16408691769273978
-0.31117693212701003
-0.42701533395342284
-0.5004829283889286
-0.5246625421065929
-0.49748902152091573
-0.42192177243767043
-0.3056258569039508
-0.16019571290164142
2.2799368805852515e-15
0.15923741638866265
0.30198026392598554
0.41439512359182484
0.4856914224723142
0.5091564206075492
0.48278599892438984
0.40945209956900636
0.29659324776937307
0.1554612140790154
-3.9330853713153706e-15
-0.15453123950818332
-0.29305539834676797
-0.4021478968139694
-0.4713370716210793
-0.49410857425614163
-0.4685175163159284
-0.39735096122880026
-0.2878275925784328
-0.15086664084300735
-1.430639021373918e-15
0.1499641511744263
0.28439430240790126
0.39026263028904395
0.4574069559505103
0.4795054589748941
0.4546707310980347
0.3856074655756987
0.279321001649764
0.1464078577675683
-2.3197764623445856e-16
-0.1455320406996168
-0.2759891805383928
-0.37872862647489636
-0.44388853741619244
-0.4653339309743134
-0.44123318022932206
-0.37421104267089594
-0.27106581847730765
-0.14208085164694043
1.797568432034286e-15
0.14123091888514433
0.2678324675611974
0.3675355039895254
0.4307696485289243
0.4515812349225922
0.428192769006949
0.3631514349645003
0.2630546128389727
0.13788172788354008
-3.2704161924229692e-15
-0.13705691443104143
-0.25991682188404097
-0.35667318826713573
-0.4180384814031538
-0.4382349924649492
-0.41553776018056127
-0.35241868806302995
-0.25528017410891185
-0.13380670698253083
4.654635377582639e-15
0.13300627045154562
0.25223511889149186
0.34613190249034886
0.4056835771290921
0.4252831910822741
0.40325676338797634
0.3420031417697915
0.24773550476747785
0.12985212115003536
-5.186457933059646e-19
-0.12907534109363744
-0.24478044453231684
-0.3359021587904008
-0.3936938154589078
-0.4127141732790497
-0.3913387249030907
-0.331895421390054
-0.24041381410298768
-0.12601441099185026
1.395138485796124e-15
0.125260588255572
0.23754608909640637
0.325974749707447
0.3820584047977682
0.4005166260908188
0.37977291768677224
0.32208642929317716
0.23330851209960463
0.12229012230978582
-2.7073233822313264e-15
-0.12155857840227983
-0.2305255411755246
-0.31634073990318556
-0.37076687249066254
-0.388679570901753
-0.36854893173181297
-0.3125673367241503
-0.22641320350590832
-0.11867590299263116
-1.5005073511222831e-15
0.11796597947499987
0.22371248180264164
0.30699145811847756
0.359809055396313
0.3771923535631569
0.35765666469321156
0.3033295758571036
0.21972168207871712
0.11516849999903374
1.815600845656649e-16
-0.1144795578921898
-0.2171007787644265
-0.2979184893686212
-0.34917509073966013
-0.36604463480401533
-0.34708631279538316
-0.2943648320836888
-0.21322792499705528
-0.11176475642954735
1.0607362593945355e-15
0.11109617563908464
0.2106844810818415
0.28911366736929783
0.33885540723469854
0.35522638092495146
0.3368283620080996
0.2856650365293717
0.20692608744120763
0.10846160868519
-2.229760378763257e-15
-0.10781278744327141
-0.20445781365385518
-0.28056906718636204
-0.32884071646967294
-0.3447278547672202
-0.32687357948322293
-0.27722235879090523
-0.20081049733199494
-0.10525608371003223
-1.4971844645490153e-15
0.10462643803373396
0.19841517205947795
0.272276998102877
0.31912200454688583
0.3345396069486076
0.3172130052445067
0.26902919988841534
0.19487565022548814
0.10214529631520756
3.2246668021780656e-16
-0.10153425948092797
-0.19255111751338
-0.2642299966969333
-0.3096905239695724
-0.32465246735834974
-0.3078379441230306
-0.2610781854258408
-0.18911620435868542
-0.09912644658208104
7.841225298744158e-16
0.09853346861542286
0.1868603719706345
0.2564208201240766
0.30053778576856904
0.3150575369034133
0.29873995793095004
0.2533621589534558
0.1835269758415323
0.0961968173421143
-1.825584096434551e-15
-0.09562136452288021
-0.18133781337611588
-0.24884243959825617
-0.2916555518616666
-0.30574617949871175
-0.28991085786655924
-0.24587417552658775
-0.17810293399107918
-0.09335377173123552
2.8048010763841168e-15
0.09279532611304386
0.17597847105430547
0.2414880340654427
0.2830358276387786
0.29671001429404525
0.2813426971438186
0.23860749545469837
0.1728391968035267
0.0905947508164875
-3.7245429990405225e-15
-0.0900528097605777
-0.1707775212353469
-0.23435098406421703
-0.27467085476625974
-0.2879409081307702
-0.2730277638397077
-0.23155557823521228
-0.16773102656009659
-0.08791727129280329
5.565038983886984e-16
0.08739134701564322
0.1657302827133255
0.2274248657678153
0.2665531042038668
0.27943096822140734
0.2649585739529847
0.224712076666601
0.16277382556275433
0.08531892324786879
2.4275290551185863e-15
-0.08480854238212332
-0.16083221263287586
-0.2207034452022482
-0.2586752694281316
-0.2711725350455999
-0.2571278646680546
-0.2180708311355146
-0.1579631319959751
-0.08279736799306499
2.356776838574658e-15
0.0823020711614882
0.15607890240030212
0.214180672635288
0.2510302598559888
0.2631581754560287
0.24952858781797974
0.2116258640726684
0.15329461591082974
0.08035033595843777
5.076434792530586e-16
-0.07986967736046204
-0.15146607371552445
-0.20785067713133312
-0.24361119446276483
-0.2553806759880777
-0.2421539035406237
-0.20537137457266633
-0.14876407532769517
-0.07797562464999062
3.945482999691142e-15
0.07750917166041822
0.1469895747213634
0.2017077612671337
0.23641139558880636
0.24783303636722875
0.23499717412233537
0.19930173317275915
0.14436743245423775
0.07567109666723422
-1.196863880777681e-15
-0.07521842944690155
-0.14264537626653967
-0.19574639600376115
-0.22942438292912795
-0.24050846320834213
-0.2280519580235401
-0.1934114767859822
-0.14010073001507756
-0.0734346777794373
-1.3927335422362412e-15
0.07299538889727039
0.13842956827920777
0.18996121571006216
0.22264386770069408
0.23340036390115132
0.2213120040809372
0.1876953037839789
0.1359601276900195
0.07126435505863117
-2.7045672852045936e-15
-0.07083804912499626
-0.13433835624760343
-0.18434701333327688
-0.21606374698210276
-0.2265023406764688
-0.21477124588101545
-0.18214806922519033
-0.1319418986574662
-0.0691581750678599
2.1915696212949166e-16
0.06874446837864014
0.13036805780473826
0.17889873571228446
0.2096780982205378
0.21980818484776168
0.2084237962998787
0.17676478022407185
0.1280424262400449
0.06711424210297266
2.121705757808672e-15
-0.0667127622942216
-0.12651509941400008
-0.1736114790294636
-0.20348117390106557
-0.21331187122291523
-0.20226394220444208
-0.17154059145713196
-0.1242582006493677
-0.06513071648631953
1.6480323499540438e-15
0.06474110219910853
0.12277601315276485
0.16848048439689217
0.19746739637349747
0.2070075526811526
0.19628613931021327
0.1664708008018444
0.1205858158269503
0.06320581291096505
5.991159824087931e-16
-0.06282771346613579
-0.11914743359099175
-0.16350113357305518
-0.19163135283211283
-0.20088955491023208
-0.1904850071910774
-0.16155084510439124
-0.11702196637856864
-0.06133779883375071
2.9097420462109522e-15
0.0609708739162749
0.11562609476214826
0.15866894480608823
0.18596779044378323
0.19495237129918244
0.18485532443653546
0.1567762960725446
0.11356344459914731
0.05952499291590702
-7.533318298288029e-16
-0.05916891226860144
-0.11220882722358165
-0.15397956879992503
-0.18047161162005373
-0.18919065798198204
-0.17939202395209686
-0.15214285628987745
-0.11020713758562328
-0.05776576350975049
4.018910150455426e-15
0.057420206635985876
0.10889255520384372
0.14942878479961133
0.1751378694289832
0.18359922902771783
0.17409018839853838
0.1476463553478253
0.10695002443513563
0.056058527190053706
-1.950290607468018e-15
-0.05572318306532794
-0.10567429383425292
-0.14501249679236583
-0.16996176314255795
-0.1781730517728984
-0.1689450457659805
-0.14328274609201705
-0.10378917352598276
-0.0544017473289018
4.345749172326093e-19
0.05407631412084685
0.10255114646233789
0.14072672982086487
0.16493863391572278
0.1729072422917164
0.16395196507874618
0.13904810097956113
0.10072173987898254
0.05279393271256438
1.835871061721018e-15
-0.05247811750934481
-0.09952030204465714
-0.13656762640554487
-0.16006396059310657
-0.1677970610001859
-0.15910645222716935
-0.1349386085440181
-0.09774496259679087
-0.051233636199370276
1.1344419589222898e-15
0.05092715474597574
0.09657903261663452
0.13253144307258402
0.15533335563966416
0.16283790839019696
0.15440414592260607
0.13095056996479124
0.09485616237892311
0.049719453417125345
6.284412936255535e-16
-0.04942202985956422
-0.09372469083725096
-0.12861454698452654
-0.15074256119161486
-0.1580253208896478
-0.14984081377196434
-0.12708039573796406
-0.09205273911017571
-0.048250021499124
2.136368971270325e-15
0.0479613881361177
0.09095470760622361
0.1248134126705001
0.14628744522406487
0.15335496684492847
0.14541234846827705
0.12332460244548255
0.08933216952037742
0.046824017857441835
-4.445841202652943e-16
-0.046543914899480295
-0.08826658975167238
-0.12112461885303266
-0.14196399783191657
-0.14882264262214037
-0.14111476409383794
-0.11967980961986491
-0.08669200491324633
-0.045440158992551535
-1.1490671801961635e-15
0.04516833432806496
0.0856579177860677
0.11754484536869249
0.1377683276206731
0.14442426882354198
0.13694419253261686
0.11614273670153218
0.08412986896242648
0.04409719933805717
-1.3947645399146878e-15
-0.04383340830649494
-0.08312634372855676
-0.11407087017969678
-0.13369665820393048
-0.14015588661581535
-0.13289687998868427
-0.11271020008610318
-0.08164345557260606
-0.042793930139613495
-1.349269908891851e-16
0.0425379353112484
0.08066958899159472
0.11069956647387987
0.12974532480436543
0.13601365416684916
0.1289691836075512
0.10937911025891608
0.07923052680390279
0.04152917836697618
-2.2327688106820026e-15
-0.04128074932917502
-0.07828544233008893
-0.10742789985033205
-0.1259107709551976
-0.13199384318783017
-0.12515756819734486
-0.10614646901427577
-0.07688891085754396
-0.040301805658169175
7.649922559915746e-16
0.04006071880803564
0.07597175785110295
0.1042529255882525
0.12218954529912032
0.12809283557753198
0.1214586030469065
0.10300936675684776
0.07461650012111112
0.039110707294911555
-2.9684397803280476e-15
-0.0388767456379996
-0.07372645308243349
-0.10117178599648383
-0.1185782984818551
-0.12430712016577938
-0.11786895883791099
-0.09996497988284382
-0.07241124927155507
-0.03795481120826791
1.560554656003303e-15
0.037727764163300224
0.07154750709822014
0.09818170784141453
0.11507378013749667
0.12063328955315832
0.11438540464826516
0.09701056823857505
0.07027117343424936
0.03683307701374492
-2.3329528635989427e-16
-0.036612740223041756
-0.06943295869999419
-0.09527999985086257
-0.11167283596297632
-0.11706803704412637
-0.11100480504404811
-0.09414347265412673
-0.06819434639648088
-0.03574449507483503
-1.0168742904519192e-15
0.035530670220424616
0.06738090465146904
0.09246405029177136
0.10837240487896622
0.11360815367076377
0.10772411725741873
0.0913611125499441
0.06617889887372304
0.03468808559432146
-9.875138563524141e-16
-0.03448058021939491
-0.06538949796547508
-0.08973132461945531
-0.10516951627470293
-0.11025052530448522
-0.10454038844791812
-0.08866098361411469
-0.06422301682716389
-0.03366289773235578
-2.1254356822789115e-16
0.03346152506807173
0.06345694624157606
0.08707936319634099
0.10206128733424316
0.10699212985311449
0.10145075304470764
0.08604065554833572
0.062324939830930376
0.03266800875066595
1.3425294392781529e-15
-0.0324725875480334
-0.06158151005276437
-0.08450577907813857
-0.09904492044172689
-0.10383003454079692
-0.09845243016736961
-0.08349776988046702
-0.06048295948760679
-0.03170252318200563
5.015546009771223e-16
0.03151287754875087
0.05976150137987919
0.08200825586541588
0.09611770066334176
0.10076139326830373
0.09554272112291967
0.08103003784176098
0.05869541789054193
0.030765572024196428
5.833649936236674e-16
-0.030581531266448
-0.057995282092255934
-0.07958454561869713
-0.09327699330369214
-0.09778344405135005
-0.09271900697680842
-0.07863523830680255
-0.05696070613164048
-0.029856311957947343
1.1332019040666117e-15
0.029677710426597538
0.0562812624733169
0.0772324668351515
0.09052024153440263
0.09489350653462311
0.0899787461956962
0.07631121579435968
0.05527726285321829
0.028973924587819347
-9.193187433147734e-17
-0.02880060152943913
-0.05461789978970082
-0.07494990248510702
-0.08784496409279291
-0.09208897957928115
-0.08731947235990851
-0.07405587852729179
-0.05364357284269334
-0.02811761570562151
1.68957969954402e-15
0.02794941511775361
0.05300369690271646
0.07273479810656776
0.08524875304858046
0.08936733892175319
0.08473879194348512
0.07186719654982172
0.05205816566877656
0.027286614575552308
-6.905546924128239e-16
-0.027123385066318617
-0.051437200920799335
-0.0705851599560721
-0.08272927163657437
-0.08672613490173112
-0.08223438215985172
-0.06974319990042781
-0.05051961435799326
-0.026480173240502912
2.177312547745506e-15
0.026321767892324335
0.04991700189182617
0.06849905321417803
0.0802842521534353
0.08416299025731036
0.07980398887114952
0.06768197683875145
0.04902653411030455
0.025697565848837634
-1.219143577498854e-15
-0.025543842086205828
-0.04844173153405821
-0.06647460024399744
-0.07791149391658185
-0.08167559798529346
-0.07744542455936218
-0.06568167212490045
-0.047577581052713064
-0.024938088001073992
3.1570914308154674e-16
0.024788907462226045
0.04701006200457836
0.06450997890120937
0.07560886128343973
0.07926171926473155
0.07515656635740126
0.0637404853496077
0.04617145102964458
0.024201056115882708
5.353891270276131e-16
-0.02405628452826375
-0.04562070470418081
-0.06260342089398921
-0.07337428172920257
-0.0769191814418345
-0.07293535413838236
-0.06185666931373885
-0.04480687842917293
-0.023485806814815956
-1.3364556479512397e-15
0.023345313874224855
0.0442724091175105
0.060753210191428715
0.07120574398143427
0.07464587607443561
0.07077978866137082
0.060028528455705395
0.043482635043842505
0.022791696325222006
-2.0902505346831945e-15
-0.022655355578532745
-0.042963961687519675
-0.05895768147900526
-0.06910129620978123
-0.07243975703425146
-0.06868792977193487
-0.058254417325329266
-0.04219752896521743
-0.022118099900802515
1.259156584877527e-15
0.02198578863213966
0.04169418472320208
0.057215218659675784
0.06705904426919564
0.07029883866522844
0.06665789465586805
0.05653273910283708
0.04095040351107645
0.02146441125931422
-4.75361947795034e-16
-0.021336010379600784
-0.04046193533957728
-0.055524253399285475
-0.06507714999507237
-0.06822119399631812
-0.06468785614453433
-0.05486194416160951
-0.039740136184333884
-0.02083004203685048
-2.6320325575350024e-16
0.020705435976627495
0.03926610442902381
0.05388326371495175
0.06315382954878407
0.06620495300707324
0.06277604107029083
0.05324052867342201
0.03856563766269684
0.020214421258289882
9.585278709717102e-16
-0.0200934978636956
-0.038105615662994884
-0.052290772605190924
-0.0612873518121011
-0.06424830094450308
-0.060920728670521646
-0.05166703325488406
-0.03742585081821484
-0.019616994823376088
1.98519780836833e-15
0.01949964525518924
0.03697942452326892
0.05074534672050782
0.059476036829070454
0.0623494766896734
0.0591202490388285
0.050140041653904885
0.0363197497657899
0.019037225007986835
-1.2643684565062007e-15
-0.018923343643678127
-0.03588651736179995
-0.04924559507328888
-0.05771825429393781
-0.06050677117258039
-0.05737298162200679
-0.04865817947496653
-0.03524633893980805
-0.018474589980159394
5.844125546816538e-16
0.01836407431881038
0.03482591048837197
0.047790167785811244
0.056012422083768734
0.058718525833872284
0.05567735376143631
0.047220112942083316
0.034204652198074094
0.017928583330386296
5.64562628392299e-17
-0.01782133390044492
-0.033796649285200216
-0.04637775487527397
-0.054357004834427014
-0.056983131132034036
-0.05403183927758627
-0.0458245476983012
-0.03319375195220166
-0.017398713615826202
-6.599544732068896e-16
0.017294633885559796
0.03279780734772488
0.045007085074716825
0.052750512558644186
0.05529902509469138
0.05243495709634563
0.04447022764069735
0.03221272832373166
0.016884503917968714
1.2277312356972719e-15
-0.016783500208600567
-0.03182848565078608
-0.043676924688796324
-0.05119149930493057
-0.053664691912730135
-0.0508852699159555
-0.04315593378980049
-0.03126069832517737
-0.016385491413375572
1.2436978905416134e-15
0.01628747281474633
0.03088781173941768
0.04238607648337663
0.049678561856121246
0.05207866057596569
0.04938138291334945
0.04188048319242737
0.03033680506527616
0.0159012269571055
-6.53860302329577e-16
-0.015806105245862803
-0.02997493894360461
-0.04113337860793798
-0.04821033846638686
-0.050539503549134696
-0.04792194248870877
-0.04064272785694481
-0.029440216977727147
-0.015431274678464684
