1000
0.0
0.45529471207522293
0.8205380789176877
1.0318841456362355
1.0698037273165832
0.9635254915624212
0.780482108883592
0.6040988474179253
0.5068831030639271
0.5272264583703521
0.657163890148917
0.8449114202792066
1.011390079826647
1.075577329770622
0.9807670383158513
0.7135254915624217
0.30939550990664355
-0.15648117682217583
-0.5909634401291997
-0.9100708721293878
-1.06331351044005
-1.0476806222957562
-0.9069945422841676
-0.7168868401057154
-0.560123287977681
-0.5
-0.5601232879776816
-0.7168868401057154
-0.9069945422841679
-1.047680622295756
-1.0633135104400506
-0.9100708721293886
-0.5909634401291997
-0.1564811768221763
0.30939550990664344
0.7135254915624212
0.9807670383158515
1.0755773297706208
1.011390079826647
0.8449114202792071
0.6571638901489173
0.5272264583703521
0.5068831030639271
0.6040988474179254
0.7804821088835912
0.9635254915624211
1.0698037273165837
1.0318841456362362
0.8205380789176874
0.4552947120752231
-8.578717400397356e-16
-0.45529471207522443
-0.8205380789176877
-1.031884145636234
-1.0698037273165824
-0.9635254915624207
-0.780482108883591
-0.604098847417926
-0.5068831030639274
-0.527226458370352
-0.6571638901489172
-0.8449114202792072
-1.011390079826647
-1.0755773297706228
-0.9807670383158521
-0.7135254915624215
-0.30939550990664444
0.15648117682217533
0.5909634401291994
0.9100708721293873
1.0633135104400493
1.0476806222957555
0.9069945422841663
0.7168868401057162
0.5601232879776816
0.5
0.5601232879776805
0.7168868401057148
0.9069945422841671
1.0476806222957564
1.0633135104400502
0.91007087212939
0.5909634401292004
0.15648117682217633
-0.3093955099066417
-0.7135254915624187
-0.9807670383158511
-1.0755773297706206
-1.0113900798266482
-0.8449114202792083
-0.657163890148918
-0.527226458370353
-0.5068831030639269
-0.6040988474179247
-0.7804821088835942
-0.9635254915624242
-1.0698037273165844
-1.0318841456362366
-0.8205380789176888
-0.45529471207522065
1.7157434800794711e-15
0.4552947120752233
0.8205380789176895
1.0318841456362349
1.0698037273165801
0.9635254915624198
0.7804821088835907
0.604098847417925
0.5068831030639271
0.5272264583703526
0.6571638901489177
0.8449114202792085
1.0113900798266495
1.0755773297706224
0.9807670383158527
0.713525491562425
0.3093955099066452
-0.1564811768221727
-0.5909634401291957
-0.910070872129388
-1.0633135104400468
-1.047680622295756
-0.9069945422841665
-0.7168868401057144
-0.5601232879776812
-0.5
-0.5601232879776816
-0.7168868401057155
-0.9069945422841684
-1.0476806222957589
-1.0633135104400508
-0.91007087212939
-0.5909634401292017
-0.1564811768221755
0.3093955099066425
0.7135254915624192
0.9807670383158509
1.0755773297706197
1.011390079826644
0.8449114202792051
0.6571638901489152
0.527226458370351
0.5068831030639276
0.6040988474179272
0.780482108883594
0.9635254915624208
1.0698037273165835
1.0318841456362393
0.8205380789176949
0.4552947120752295
8.084525816282295e-15
-0.45529471207521455
-0.8205380789176834
-1.0318841456362322
-1.069803727316581
-0.9635254915624218
-0.7804821088835927
-0.6040988474179265
-0.5068831030639275
-0.5272264583703519
-0.657163890148916
-0.8449114202792064
-1.0113900798266477
-1.0755773297706215
-0.9807670383158528
-0.7135254915624245
-0.30939550990664444
0.15648117682217352
0.5909634401291962
0.910070872129388
1.0633135104400462
1.0476806222957549
0.9069945422841671
0.7168868401057131
0.5601232879776805
0.5
0.5601232879776786
0.7168868401057129
0.9069945422841648
1.0476806222957546
1.063313510440055
0.9100708721293949
0.5909634401292063
0.1564811768221887
-0.3093955099066331
-0.7135254915624154
-0.980767038315844
-1.0755773297706195
-1.0113900798266426
-0.8449114202792037
-0.657163890148913
-0.5272264583703505
-0.5068831030639278
-0.6040988474179292
-0.7804821088835968
-0.9635254915624248
-1.069803727316589
-1.0318841456362375
-0.8205380789176852
-0.4552947120752229
3.4314869601589423e-15
0.4552947120752282
0.8205380789176866
1.031884145636234
1.0698037273165806
0.9635254915624137
0.7804821088835862
0.6040988474179216
0.5068831030639258
0.5272264583703528
0.6571638901489182
0.8449114202792077
1.0113900798266513
1.0755773297706253
0.9807670383158531
0.7135254915624276
0.3093955099066472
-0.15648117682217438
-0.5909634401291933
-0.9100708721293848
-1.0633135104400482
-1.047680622295751
-0.9069945422841638
-0.7168868401057131
-0.5601232879776792
-0.5
-0.5601232879776824
-0.7168868401057128
-0.9069945422841642
-1.0476806222957533
-1.0633135104400528
-0.9100708721293918
-0.5909634401292023
-0.15648117682218432
0.30939550990663744
0.7135254915624192
0.9807670383158469
1.0755773297706215
1.0113900798266497
0.8449114202792077
0.6571638901489165
0.5272264583703522
0.506883103063927
0.604098847417926
0.7804821088835928
0.9635254915624215
1.0698037273165881
1.0318841456362402
0.8205380789176913
0.45529471207523164
6.368782336202825e-15
-0.4552947120752194
-0.8205380789176805
-1.0318841456362313
-1.0698037273165815
-0.9635254915624171
-0.78048210888359
-0.6040988474179246
-0.5068831030639267
-0.527226458370353
-0.6571638901489182
-0.8449114202792108
-1.0113900798266504
-1.0755773297706233
-0.9807670383158564
-0.7135254915624238
-0.3093955099066429
0.15648117682217166
0.5909634401291973
0.910070872129388
1.0633135104400449
1.0476806222957524
0.9069945422841642
0.7168868401057106
0.560123287977679
0.5
0.5601232879776838
0.7168868401057191
0.9069945422841709
1.0476806222957624
1.0633135104400528
0.9100708721293869
0.5909634401292
0.15648117682217297
-0.3093955099066483
-0.7135254915624271
-0.9807670383158502
-1.0755773297706197
-1.0113900798266444
-0.8449114202792117
-0.65716389014892
-0.5272264583703539
-0.5068831030639261
-0.604098847417923
-0.7804821088835888
-0.9635254915624182
-1.0698037273165872
-1.0318841456362429
-0.8205380789176975
-0.4552947120752404
-1.616905163256459e-14
0.45529471207521055
0.8205380789176744
1.0318841456362287
1.0698037273165826
0.9635254915624203
0.780482108883594
0.6040988474179277
0.5068831030639276
0.5272264583703512
0.6571638901489146
0.8449114202792068
1.0113900798266477
1.0755773297706235
0.980767038315854
0.713525491562431
0.3093955099066522
-0.15648117682216905
-0.5909634401291892
-0.9100708721293829
-1.063313510440049
-1.0476806222957542
-0.9069945422841679
-0.7168868401057171
-0.5601232879776814
-0.5
-0.5601232879776801
-0.7168868401057152
-0.9069945422841671
-1.0476806222957558
-1.0633135104400542
-0.9100708721293918
-0.5909634401292012
-0.15648117682218265
0.309395509906639
0.7135254915624198
0.9807670383158463
1.0755773297706197
1.011390079826647
0.8449114202792049
0.6571638901489143
0.5272264583703522
0.5068831030639276
0.6040988474179279
0.7804821088835924
0.9635254915624243
1.0698037273165903
1.031884145636235
0.8205380789176909
0.4552947120752163
-2.4523885014776484e-15
-0.45529471207522076
-0.8205380789176747
-1.031884145636226
-1.0698037273165781
-0.9635254915624278
-0.7804821088835981
-0.604098847417929
-0.5068831030639289
-0.5272264583703494
-0.6571638901489132
-0.8449114202791994
-1.011390079826645
-1.075577329770629
-0.9807670383158578
-0.7135254915624382
-0.30939550990666864
0.15648117682215937
0.5909634401291812
0.9100708721293715
1.0633135104400477
1.047680622295756
0.9069945422841679
0.716886840105721
0.5601232879776838
0.5
0.5601232879776853
0.7168868401057242
0.9069945422841736
1.0476806222957649
1.06331351044006
0.9100708721293869
0.590963440129199
0.15648117682217838
-0.3093955099066499
-0.7135254915624211
-0.9807670383158433
-1.0755773297706182
-1.0113900798266373
-0.8449114202791946
-0.6571638901489106
-0.5272264583703485
-0.5068831030639294
-0.604098847417931
-0.7804821088836021
-0.9635254915624345
-1.0698037273165881
-1.0318841456362395
-0.820538078917691
-0.4552947120752131
6.8629739203178846e-15
0.4552947120752239
0.8205380789176939
1.031884145636232
1.0698037273165713
0.9635254915624124
0.7804821088835807
0.6040988474179161
0.5068831030639254
0.5272264583703565
0.6571638901489283
0.8449114202792171
1.0113900798266582
1.0755773297706321
0.9807670383158473
0.7135254915624152
0.30939550990663744
-0.15648117682216361
-0.5909634401291834
-0.9100708721293829
-1.063313510440042
-1.0476806222957469
-0.9069945422841652
-0.716886840105712
-0.5601232879776786
-0.5
-0.560123287977683
-0.7168868401057203
-0.9069945422841699
-1.047680622295763
-1.0633135104400613
-0.9100708721293919
-0.590963440129207
-0.1564811768221881
0.30939550990664055
0.7135254915624138
0.9807670383158396
1.075577329770618
1.01139007982664
0.8449114202791986
0.6571638901489141
0.5272264583703503
0.5068831030639285
0.604098847417928
0.7804821088835981
0.9635254915624312
1.0698037273165872
1.031884145636242
0.8205380789176973
0.45529471207522193
2.937295376043883e-15
-0.4552947120752151
-0.8205380789176877
-1.0318841456362313
-1.0698037273165812
-0.9635254915624293
-0.7804821088835985
-0.604098847417929
-0.5068831030639288
-0.5272264583703496
-0.6571638901489133
-0.8449114202791989
-1.011390079826643
-1.0755773297706255
-0.980767038315852
-0.7135254915624306
-0.3093955099066601
0.1564811768221681
0.5909634401291891
0.9100708721293778
1.0633135104400522
1.0476806222957586
0.9069945422841689
0.7168868401057211
0.5601232879776838
0.5
0.5601232879776777
0.7168868401057112
0.9069945422841662
1.0476806222957515
1.0633135104400626
0.9100708721293969
0.5909634401292151
0.15648117682219775
-0.30939550990663117
-0.7135254915624067
-0.9807670383158358
-1.0755773297706177
-1.0113900798266426
-0.8449114202792025
-0.6571638901489176
-0.5272264583703519
-0.5068831030639276
-0.604098847417925
-0.7804821088835943
-0.963525491562428
-1.0698037273165864
-1.0318841456362446
-0.8205380789177033
-0.45529471207523076
-1.273756467240565e-14
0.4552947120752063
0.8205380789176816
1.0318841456362269
1.069803727316573
0.963525491562419
0.7804821088835888
0.6040988474179222
0.5068831030639269
0.5272264583703532
0.6571638901489212
0.8449114202792091
1.0113900798266529
1.0755773297706324
0.980767038315855
0.7135254915624295
0.3093955099066562
-0.15648117682217239
-0.5909634401291913
-0.9100708721293764
-1.0633135104400464
-1.0476806222957493
-0.9069945422841585
-0.7168868401057121
-0.5601232879776785
-0.5
-0.560123287977683
-0.7168868401057202
-0.9069945422841765
-1.0476806222957604
-1.0633135104400568
-0.9100708721293984
-0.5909634401291991
-0.15648117682217932
0.309395509906635
0.7135254915624214
0.9807670383158453
1.0755773297706108
1.0113900798266418
0.8449114202791993
0.6571638901489099
0.5272264583703501
0.5068831030639285
0.6040988474179316
0.7804821088835978
0.9635254915624297
1.0698037273165946
1.031884145636237
0.8205380789176902
0.4552947120752276
-5.88387546163659e-15
-0.45529471207522343
-0.8205380789176815
-1.0318841456362344
-1.0698037273165752
-0.9635254915624087
-0.780482108883585
-0.604098847417919
-0.5068831030639251
-0.527226458370355
-0.6571638901489247
-0.8449114202792193
-1.0113900798266537
-1.0755773297706286
-0.9807670383158579
-0.7135254915624147
-0.3093955099066382
0.15648117682217666
0.5909634401292074
0.9100708721293878
1.0633135104400522
1.04768062229575
0.9069945422841558
0.7168868401057084
0.560123287977676
0.5
0.5601232879776856
0.7168868401057087
0.9069945422841588
1.0476806222957575
1.0633135104400653
0.9100708721294068
0.5909634401292313
0.15648117682221716
-0.30939550990661246
-0.7135254915623923
-0.9807670383158282
-1.0755773297706173
-1.011390079826648
-0.8449114202792105
-0.6571638901489248
-0.5272264583703552
-0.506883103063926
-0.6040988474179187
-0.7804821088835862
-0.9635254915624213
-1.0698037273165846
-1.0318841456362497
-0.8205380789177157
-0.4552947120752484
-3.233810326512918e-14
0.4552947120751886
0.8205380789176693
1.0318841456362218
1.0698037273165748
0.9635254915624255
0.7804821088835968
0.6040988474179283
0.5068831030639287
0.5272264583703498
0.6571638901489141
0.8449114202792012
1.0113900798266475
1.0755773297706328
0.9807670383158626
0.7135254915624438
0.3093955099066749
-0.15648117682215304
-0.5909634401291752
-0.9100708721293664
-1.0633135104400437
-1.047680622295753
-0.906994542284166
-0.7168868401057198
-0.5601232879776834
-0.5
-0.5601232879776781
-0.7168868401057125
-0.9069945422841614
-1.0476806222957569
-1.0633135104400595
-0.9100708721293955
-0.5909634401292152
-0.1564811768221987
0.30939550990663045
0.713525491562407
0.9807670383158378
1.0755773297706213
1.011390079826647
0.8449114202792072
0.6571638901489212
0.5272264583703534
0.5068831030639269
0.604098847417922
0.7804821088835898
0.9635254915624232
1.0698037273165824
1.031884145636242
0.8205380789177025
0.45529471207523126
1.3716663131086943e-14
-0.4552947120752058
-0.8205380789176824
-1.0318841456362295
-1.069803727316577
-0.9635254915624237
-0.7804821088835932
-0.6040988474179252
-0.5068831030639278
-0.5272264583703516
-0.6571638901489177
-0.8449114202792045
-1.0113900798266484
-1.0755773297706288
-0.980767038315853
-0.7135254915624292
-0.309395509906657
0.1564811768221715
0.5909634401291912
0.9100708721293778
1.0633135104400495
1.0476806222957538
0.9069945422841632
0.7168868401057161
0.5601232879776807
0.5
0.5601232879776807
0.7168868401057162
0.9069945422841719
1.0476806222957562
1.0633135104400653
0.910070872129397
0.5909634401291992
0.15648117682219442
-0.3093955099066342
-0.7135254915624216
-0.9807670383158349
-1.0755773297706144
-1.0113900798266464
-0.844911420279197
-0.6571638901489133
-0.5272264583703518
-0.5068831030639287
-0.6040988474179286
-0.7804821088835935
-0.9635254915624167
-1.0698037273165906
-1.0318841456362344
-0.8205380789176762
-0.4552947120752281
4.904777002955297e-15
0.4552947120752369
0.8205380789176824
1.031884145636237
1.069803727316587
0.9635254915624237
0.7804821088836049
0.604098847417938
0.5068831030639296
0.5272264583703465
0.6571638901489028
0.8449114202792001
1.0113900798266422
1.0755773297706224
0.9807670383158826
0.7135254915624583
0.3093955099066795
-0.15648117682211948
-0.590963440129159
-0.9100708721293691
-1.0633135104400295
-1.0476806222957569
-0.9069945422841811
-0.7168868401057225
-0.5601232879776881
-0.5
-0.560123287977676
-0.7168868401057047
-0.906994542284154
-1.0476806222957629
-1.0633135104400622
-0.9100708721294055
-0.5909634401292452
-0.15648117682221807
0.3093955099066117
0.7135254915623791
0.9807670383158301
1.0755773297706208
1.0113900798266435
0.8449114202792152
0.6571638901489283
0.527226458370355
0.5068831030639251
0.6040988474179159
0.7804821088835878
0.9635254915624166
1.0698037273165806
1.0318841456362593
0.8205380789177148
0.4552947120752489
1.9106347008608474e-14
-0.4552947120752122
-0.8205380789176823
-1.0318841456362327
-1.0698037273165608
-0.9635254915624032
-0.7804821088835797
-0.6040988474179119
-0.5068831030639243
-0.527226458370357
-0.6571638901489336
-0.8449114202792248
-1.0113900798266588
-1.075577329770643
-0.9807670383158589
-0.7135254915624134
-0.3093955099066492
0.15648117682218002
0.5909634401292095
0.9100708721293748
1.063313510440038
1.0476806222957453
0.9069945422841426
0.7168868401056981
0.5601232879776731
0.5
0.5601232879776912
0.7168868401057289
0.9069945422841925
1.0476806222957744
1.0633135104400537
0.9100708721294
0.5909634401291947
0.1564811768221575
-0.309395509906642
-0.7135254915624241
-0.980767038315854
-1.0755773297706002
-1.0113900798266269
-0.8449114202791903
-0.6571638901488974
-0.5272264583703445
-0.5068831030639305
-0.6040988474179421
-0.780482108883613
-0.9635254915624373
-1.0698037273166068
-1.0318841456362433
-0.8205380789176764
-0.4552947120752217
1.3725947840635769e-14
0.45529471207524325
0.8205380789176822
1.0318841456362282
1.0698037273165732
0.963525491562393
0.7804821088835701
0.6040988474179122
0.5068831030639225
0.5272264583703605
0.6571638901489327
0.844911420279235
1.0113900798266686
1.0755773297706281
0.9807670383158618
0.7135254915624122
0.3093955099066172
-0.1564811768221843
-0.5909634401292119
-0.9100708721293991
-1.0633135104400322
-1.0476806222957362
-0.9069945422841473
-0.7168868401056891
-0.5601232879776679
-0.5
-0.5601232879776963
-0.716886840105738
-0.9069945422841877
-1.0476806222957835
-1.0633135104400595
-0.9100708721293757
-0.5909634401291923
-0.15648117682220952
0.3093955099066194
0.7135254915624085
0.9807670383158243
1.0755773297706068
1.011390079826642
0.8449114202791947
0.6571638901489125
0.5272264583703514
0.5068831030639287
0.6040988474179292
0.7804821088835951
0.9635254915624372
1.069803727316597
1.031884145636244
0.820538078917715
0.4552947120752425
1.0285176170928e-14
-0.45529471207519456
-0.8205380789176699
-1.0318841456362275
-1.0698037273165626
-0.9635254915624099
-0.7804821088835878
-0.604098847417918
-0.5068831030639259
-0.5272264583703536
-0.6571638901489265
-0.844911420279217
-1.0113900798266535
-1.0755773297706432
-0.9807670383158664
-0.7135254915624276
-0.309395509906668
0.15648117682216064
0.5909634401291934
0.9100708721293648
1.0633135104400353
1.0476806222957489
0.9069945422841499
0.7168868401057059
0.560123287977678
0.5
0.5601232879776863
0.7168868401057212
0.9069945422841851
1.0476806222957706
1.0633135104400564
0.91007087212941
0.5909634401292108
0.15648117682217688
-0.30939550990662323
-0.7135254915624096
-0.9807670383158463
-1.0755773297705997
-1.0113900798266322
-0.8449114202791982
-0.6571638901489045
-0.5272264583703479
-0.5068831030639287
-0.6040988474179358
-0.7804821088836049
-0.9635254915624306
-1.069803727316605
-1.0318841456362482
-0.8205380789176887
-0.45529471207523936
-5.874590752087766e-15
0.45529471207522565
0.8205380789176698
1.0318841456362233
1.069803727316575
0.9635254915623996
0.7804821088836056
0.6040988474179378
0.5068831030639294
0.5272264583703468
0.6571638901489026
0.8449114202791987
1.0113900798266384
1.0755773297706148
0.9807670383158712
0.7135254915624432
0.3093955099066623
-0.156481176822137
-0.590963440129175
-0.910070872129382
-1.0633135104400382
-1.0476806222957618
-0.906994542284183
-0.7168868401057227
-0.560123287977688
-0.5
-0.5601232879776763
-0.7168868401057045
-0.906994542284152
-1.047680622295758
-1.0633135104400535
-0.9100708721293927
-0.5909634401292293
-0.15648117682220053
0.3093955099066289
0.7135254915623941
0.9807670383158417
1.0755773297706284
1.0113900798266473
0.8449114202792164
0.6571638901489283
0.527226458370355
0.5068831030639253
0.6040988474179161
0.7804821088835872
0.9635254915624138
1.0698037273165744
1.031884145636249
0.8205380789177008
0.4552947120752322
2.988571476365154e-14
-0.45529471207520483
-0.820538078917684
-1.0318841456362224
-1.069803727316585
-0.9635254915624332
-0.7804821088835957
-0.6040988474179312
-0.5068831030639294
-0.5272264583703502
-0.6571638901489194
-0.844911420279209
-1.0113900798266482
-1.0755773297706437
-0.9807670383158741
-0.713525491562442
-0.3093955099066867
0.15648117682214127
0.5909634401291772
0.9100708721293548
1.0633135104400324
1.0476806222957527
0.9069945422841574
0.7168868401057137
0.5601232879776827
0.5
0.5601232879776815
0.7168868401057135
0.9069945422841776
1.047680622295767
1.0633135104400593
0.91007087212942
0.590963440129227
0.15648117682219626
-0.3093955099066046
-0.7135254915623953
-0.9807670383158387
-1.0755773297705993
-1.0113900798266373
-0.8449114202792062
-0.6571638901489116
-0.5272264583703512
-0.506883103063927
-0.6040988474179299
-0.7804821088835968
-0.9635254915624241
-1.0698037273166032
-1.0318841456362535
-0.820538078917701
-0.45529471207525696
