1000
-0.16645899999936398
0.2667270900013945
0.4542610045580798
0.742750171995152
0.9620135164091275
0.7046040552213175
0.64784687524741
0.4124265633757695
0.3648470326189299
0.5711854814665671
0.18450841079330335
-0.22976459886832074
-0.5837557992515044
-0.8340589228183675
-1.0865996539853875
-1.028884850137411
-0.8927972439134377
-0.9800012397002925
-0.9183003385912121
-0.5170596061626669
-0.19081270707519088
0.18129555064052397
0.5640288666104092
0.9381978750874722
0.6343844664132532
0.7703212306040592
0.8554983157958477
0.950034263613966
0.8023665521546167
0.3568658464097606
-0.05924348550487118
-0.43423864224863584
-0.3227733628126823
-0.9281754856536946
-0.9178341934142861
-0.8201434915423513
-0.6680360789055553
-0.834254491193534
-0.5648025768956354
-0.31755367500415843
0.08340157188387527
0.38105774238691975
0.9424715635848526
0.8829508488257929
1.1291320091423336
0.9107882675009924
1.1798981642966286
0.9490174603705698
0.24166302460295996
0.34102897558609735
-0.13577381722426143
-0.07443500329267444
-0.5390327432209329
-0.5485557990592884
-0.9679823666614434
-0.9582167276989562
-1.101318777370359
-0.9114080689293778
-0.4561107258299032
-0.22718777489783543
-0.07771333801522819
0.5782759931530059
0.40932554454749065
0.8737984192496452
0.7453383971230487
0.8357797658001049
1.2680828168878036
0.7297984718475908
0.3359671710203103
0.4452844241817317
-0.033078485909562166
-0.3147954372413071
-0.6316740230397891
-0.7584085369983512
-1.1124906311732676
-1.135146977820068
-0.7938861473420062
-0.8653930430077582
-0.7283722570738834
-0.49213963762290414
-0.2428825222539047
0.33213953541651475
0.5494875618673706
1.0383096802866758
1.0320613739795754
1.1717855881193886
0.9265581914058494
0.6242942029254206
0.5748399623923779
0.24760420134814726
0.1431260789994816
-0.07365322948783942
-0.8424879340579303
-1.2956613962516907
-0.7171309813266067
-1.1525527178218338
-1.2358672398490085
-0.6959413812819322
-0.41545952674469816
-0.17347322126216855
0.08756177987983217
0.4370556680763902
0.5962685121477438
0.45313833791437724
1.471674272618055
1.3978481320181761
0.9530679328854763
0.9837233626841081
0.6331125693012052
-0.12417612984650622
0.07505862472454634
-0.49391637361130125
-0.42881593356659065
-0.7096622914710742
-0.7498464870867342
-1.2265523022633908
-0.818951799276594
-0.6714515171491227
-0.6835556655062771
-0.4111455452362325
0.2876352896725096
0.3135732677357443
0.8626314117443465
1.169620614855615
1.1034135882433773
1.0027368773525207
0.9245632043753433
0.5684898522149089
0.42958360367307535
0.8053673571437816
-0.08996771275730515
-0.3481196446371071
-0.22303508736855132
-0.5756014607029609
-0.8198306500401077
-0.7623181032581049
-1.003542702140403
-0.4629669701699955
-0.49250716918836895
-0.636581098928128
0.06136419564970451
0.46187974646669805
0.7626950027300042
0.6099132703935531
0.5169542238361569
1.1170314158936259
0.817471170609067
0.8955911997796656
0.7630154691294904
0.16972933685579952
-0.13964500443812702
-0.4183066361653066
-0.9103905969016219
-0.8001793873227342
-1.0030126526628176
-1.154796158123941
-0.8802771186945318
-0.8445277072894702
-0.672746669543053
-0.17700209115926427
-0.09087391336807663
0.5526344996871674
0.8920658824132668
0.8062947981549563
1.1311592471952314
1.1633378584013856
1.380123478232592
0.7545687218427021
0.4441700873119619
0.08335909458517496
0.09203548173217982
0.13794078438111734
-0.5134747668810189
-1.0521792292082903
-1.2741573073890948
-1.1957351256748883
-0.9300973196497497
-0.944031681770549
-0.8616752979182881
-0.47461586816249046
-0.19744846318620715
0.23172814906703548
0.34228449060430355
1.0188824127872962
1.08808322493998
1.211265091519331
1.0424038596225593
1.0819442881217962
0.4802861325358886
0.3804826423538676
0.03307651249133064
-0.22827142178807144
-0.334377410837048
-0.7072356185335136
-0.9924689802274168
-0.920428831900028
-0.7534155516595589
-0.9450195502377667
-0.6407728953956707
-0.3640066639527133
-0.229209219524217
0.26571662143526953
0.9367310021881868
0.7615054249195484
1.3934075564139339
1.2041921512139564
0.906433755035822
0.8421600566666415
0.5426470429600586
0.6048258902284462
-0.2746206526041696
-0.17849301822458022
-0.27314156070805773
-0.9427545366453314
-1.0737383610221656
-1.44080938261229
-0.8430673084810282
-1.0296816998974574
-0.4179111496109768
-0.329403203078961
-0.14382727529172973
0.2087716038877158
0.6685054185646039
0.9810430185157881
1.0663064328701477
1.1188374345332373
1.0101565374910872
0.9818918216967694
0.6318585112467227
0.03494519753869879
0.3168060907550955
0.13155260532460972
-0.8859343451041686
-0.906458472703076
-0.8827572323419451
-0.9404980007021597
-1.2398422275931522
-0.8263002631416076
-0.3495323395197837
-0.5939709595694742
0.041524946321213396
0.24238913162159828
0.6790780414260517
0.5907455597873111
0.8334003856965141
0.9631063290345704
0.931961570535284
0.437279285889454
0.3945074187499973
0.371316353592525
-0.2848226902488109
-0.5649951993997073
-0.6942834144807165
-0.9020610323174201
-0.7456674201261771
-0.3498517401086828
-1.0652966234667676
-0.5590158502211489
-0.4327727798376822
-0.3503480236808648
-0.1239753495343619
0.3214411213674184
0.6820909533631466
0.6629862847949407
0.8248820970001212
0.9879593621929803
1.0402103589124339
0.6740247981356138
0.43417958474051765
0.09691751090385492
0.1678664089123531
0.0403763992052123
-0.626654134517187
-1.1955116524508569
-1.0607984713854952
-1.2219715815448027
-0.6186730671362504
-0.821200824660299
-0.32910139952639605
-0.26101947904476464
-0.25802335498929185
0.5181747855733738
0.26472780762640347
0.7991342779317107
0.6486271573890233
1.3197633601445755
0.8433940019346325
0.7801418617824247
0.7501030113608105
-0.056310518212709826
0.08820244023098713
-0.32676248139961434
-0.269478366486708
-0.47484865414969035
-1.0615823401521385
-1.2191696627627624
-0.8877198081620733
-0.7360179848935909
-0.5951947307024865
-0.270143699353831
0.16737351394700062
0.5434455280765562
0.8384866751087992
0.9042419823936757
0.524515395431338
0.8891420459715034
1.2472458345143291
0.6091039392198201
0.29381599889713494
0.32414393819030535
0.0834776715018307
-0.37018558684346725
-0.45758826335513947
-0.7034735838293711
-1.2100506585824466
-1.071835730392899
-1.26234807203956
-0.7256872634274285
-0.7263280741662387
0.27106472070581195
-0.16986214956799406
0.44319801635901057
0.5293615894435247
0.4901551885657241
1.1420581485706902
0.7736681478821951
1.1411351248536863
0.7595652088575278
0.6197695892237018
0.5149339020945
-0.2476314470129115
0.21779995003756875
-0.6988696943126924
-1.0707852673330074
-1.151542351623172
-1.1055603785622703
-1.2212130781459827
-0.9621188311386747
-0.3397195366700914
-0.09733649291248783
0.26702422678347343
0.45143398073230706
0.6248211362247117
0.7770746602425354
0.703944702570738
1.0401718656860652
0.929283862125032
0.8825192178061496
0.7438910518213195
0.44211973615127753
-0.024196184732546023
-0.06391269031424043
-0.6367904936850847
-1.022133035579091
-0.8687477142106509
-1.177307140703528
-0.7597718026003368
-0.9282560274117436
-0.21415497732450772
-0.025077219200658474
0.21847428745404374
0.41633448953744356
0.8181067844932726
0.9447932588125261
1.042278904508157
0.9484251367725363
1.0344798333897944
0.5881461934976393
0.95003984215161
0.12964451716384412
-0.08171208383573829
-0.476049863126801
-0.8046377950814946
-0.8395710566986815
-0.6615519190242055
-0.9245134643050277
-1.0758427112546054
-0.8187681813907589
-0.8810556609201072
-0.43070609436358365
-0.18071502713613286
-0.1340947806201248
0.39675707912199876
0.3244551244294113
1.168301643553608
0.8069905795738157
0.8156705509646309
0.5306328165108063
0.3150428717770783
0.2420313579901608
0.12014480725730806
-0.4192510253711399
-0.26575383505172323
-0.7565533912671931
-0.8764532861260611
-0.7163383028719843
-1.0601099968140577
-0.7976954931716521
-0.33600580282710896
-0.28314376885597875
-0.10350601659240159
0.2570689589907765
0.4757534906641259
0.6943989200349729
0.8020616735651632
1.1877144364376615
0.8980662034702858
0.7787009648284495
0.3848251061222295
0.508713661680692
0.2002801516657207
-0.27674833642630653
-0.6800796393803021
-0.5872765002747646
-0.6489947289443209
-1.1828324203565832
-0.9365800994059681
-1.1559503878225048
-0.71316589546002
-0.3506092609067386
-0.31618730846010984
0.3381384776376473
0.4138783103967263
0.5939702358976958
0.8837947835651332
0.8848898637856987
0.862284957172143
1.0611087317676575
0.24598608163103725
0.3616806417048327
-0.15878773040378324
-0.49436778940639703
-0.6257595454087113
-0.9877823439630629
-0.897504567566877
-1.4052578716689732
-1.3092134627887593
-0.8405547421867035
-0.5026496951452615
-0.4960492925136586
0.003264327509707303
-0.005465428728844479
0.4297135892910085
0.9103681987935975
0.6063322510463485
1.0965232922082062
0.9973600824923053
0.7508939203925173
0.44499162700778083
0.4406756087451571
0.14162547730884872
-0.20844393473245823
-0.48428807121664463
-0.649445391748792
-1.0403174759591074
-0.9083939357568497
-0.8656695053899728
-0.8783522842303234
-0.45460846368024077
-0.44422886790873195
0.006741849666033519
0.28373278485179176
0.9723095576851435
0.2802983016979398
0.7042417839783626
1.4155060896503766
0.8458953070852432
0.9447750949755398
0.8399882806096369
0.24862438984974577
0.23131632414858014
-0.12581889190670864
-0.6920044158573297
-0.9787406346932743
-0.8507949349876144
-1.1755453506955642
-0.9133076890274573
-0.6634095930165897
-0.30711915645017157
-0.40230934450329636
0.019272079201939428
0.20660967181245235
1.1319554246256391
0.6285469403822667
1.081484313057739
1.0386313701323253
0.5530716098717987
0.7070824482974465
0.7436095774133323
0.28098611281133057
0.10423053179141051
-0.3899528597713937
-0.7447136422256959
-1.140052561916028
-0.7015778760629867
-0.8519171532610935
-1.1079300873889417
-0.9294849316752443
-0.3554998012708483
-0.5364754769477873
-0.3162863388815152
0.11924013657878585
0.7671322208859611
0.5480213420349986
1.1787497700049587
1.0286260741569455
0.5455165510932108
0.7849846957569453
0.3874685972941827
0.16410436579252988
0.03522827823498187
-0.2549814248636386
-0.6359199033012095
-0.9457360900242007
-0.5451283024107625
-1.1800962841009555
-0.8049599642160724
-0.6136390190128339
-0.6246611858406631
-0.024813038541718402
-0.06347876165929597
0.08277564164039433
0.6422429939842743
0.6437926719340434
0.8507260108588907
1.163594170024105
1.0438283106981245
0.7045413443687065
0.4785010159386441
0.06644550648068667
0.16182868562984037
-0.07237320632145
-0.43378249115700007
-0.6635345418171396
-1.175477440521715
-0.8082300656204975
-0.9677740098948846
-0.8054921977122879
-0.6530163711858927
-0.416624977384573
-0.02387233158030454
0.017832190377047474
0.3696539743279653
0.9583713247772194
1.2819877180595662
1.151596695947271
1.0010521219426856
0.9271015397999454
0.7775821113818123
0.21583250235421653
-0.28848481260801406
-0.020035508400580382
-0.4988446182424376
-0.9216269333794751
-0.8530691771849914
-0.9540852181222907
-0.936933197400384
-0.8689642561982902
-0.5656977047129198
0.062225573194891304
-0.3034322440886522
0.17412076528033027
0.9463127450595807
0.8392439815438133
1.0104850808190529
0.8824254420079902
0.879961383473121
0.40546788423277424
1.0653222179675859
0.13152423778924752
0.08930215956091563
-0.3449528316820642
-0.511499256508979
-0.6933924412337332
-0.8449919263673167
-1.030612563249629
-0.9125922014501192
-0.7857965009875204
-0.4440179762708495
-0.4870972727631018
0.3264601710685243
0.13722495468265147
0.5566005304197791
0.9288516561704993
1.0329803878791814
0.6989663106727648
0.9439653806671556
0.7032791981187098
0.5676405554285645
0.298209372024883
0.4029534749441701
-0.30951940896856467
-0.746843931274225
-0.5709068155429458
-0.789974605838258
-0.589957713858001
-0.8576323074621932
-0.6953765495438787
-0.6057368363152357
-0.673844001737511
0.2515909405817382
0.22237719996920002
0.6792730727046857
0.6462988592098836
1.4411463745798554
0.5579665477141743
0.9695394279559609
0.5914217986410784
0.8294094239407186
-0.01972465309169319
0.02195050724827323
-0.36151361362089984
-0.6279502254526051
-0.7566856859140021
-0.8444204148485902
-0.9912397509255535
-1.0288559754197
-0.8738451957895073
-0.5893805832885508
-0.36862347922403726
-0.09873786047333503
0.31911724472483705
0.11360900755362846
0.5619426174070455
0.725238276294125
0.9889545701506877
0.8701207277334537
1.1123731474248766
0.5406684006557373
0.37521291104681975
-0.2071561128769033
-0.4582077387052197
-0.6468263180296805
-0.9837591724262057
-1.2426242443156807
-1.0765697294316985
-1.1444244037031976
-0.9761833490736453
-0.8293830494055041
-0.3207412273641245
-0.18515624583234455
0.5448390324655299
0.8677934735579078
1.143749474389713
0.5920150734369215
0.9696781133608324
1.098001378284803
1.034306447958869
0.856273308305593
0.17475124401504183
-0.014235153114029304
-0.24751337108984317
-0.3285809403595533
-0.8346406125798073
-1.0761274973234394
-0.7911489360258823
-0.9329806252925545
-0.5966496786192906
-0.42296435784524
-0.1558805103550272
-0.5446950978091092
0.321079492144468
0.48852648385827824
0.5709058962932003
1.133997143779439
0.8711831116004884
0.8154807828677452
0.6423287739954237
0.8631432343239663
0.269005922709316
-0.11733972077555085
-0.34609497439453374
-1.0461359472045815
-0.570115154100948
-1.1268525832731324
-0.7422977521247217
-0.8372791135669339
-0.5448254329394913
-0.2616988376480984
-0.3145298245326936
-0.422211165507021
0.21240735799638505
0.5937537739985894
0.9074971169572119
0.5611060579594074
1.2075037119384482
1.079512601114349
0.8516505495951304
0.7379513298278979
0.18614188225603123
-0.1281007159281876
-0.3029699076497383
-0.6860653980761262
-1.1099268338715746
-0.81258080234507
-0.9935542603382189
-1.0079404111785124
-0.671587939641072
-0.9025495825356267
-0.46639515626803185
0.32102036915664256
0.4730595580581184
0.7017062678540336
0.9001288100975081
1.1068282783611418
1.0900559760360116
0.8736316944672556
0.643935506653805
0.41927640713695147
0.3348284006496197
0.1815468551119274
-0.4368983620495901
-0.7410376510586104
-0.9828854131428926
-0.5392844674489299
-1.3241244131321799
-1.211826903808927
-1.0645054226160147
-1.0002670895897285
-0.0019047910240800325
-0.11000781224723932
0.06929816583956785
0.5067671848193139
0.7804404966339229
0.4818267223556889
1.0931058166034169
0.7685917633952737
1.121890057847924
0.5407623614842269
0.3904646165436253
0.06911552262427441
-0.10857864166206838
-0.7662255311308561
-0.688745802338464
-0.8719016658738803
-1.0269579037340106
-1.422184681628488
-0.49996256781032666
-0.6735277301086638
-0.3736415847941122
-0.37032391583551894
0.5052449625944138
0.7449835358829013
0.9067538105196175
1.0726172904845783
1.0689352294959242
0.7927219165402799
0.8756580586826054
0.3528304620116888
0.6948006276944378
-0.1176239530994039
-0.2301659675901308
-0.3429797602420606
-0.7326162275904331
-1.190977812562321
-1.2561627498562609
-0.9315951419529211
-0.9490338247437085
-0.7622925475628679
-0.3614200854696263
-0.4843793860722418
-0.01627208025379434
0.7395885360691008
0.7118242744081877
0.6446245012515323
1.3346844934487643
0.6773032816128166
0.30747502147478567
0.5415719640929353
0.6942760064440288
-0.0881879603497039
-0.34589608004119854
-0.5093617922623914
-0.6551505462511542
-0.9850557973860515
-0.834961296777969
-0.7716962047990747
-0.7930138109850666
-0.9125390289746484
-0.35564989850395495
-0.3794114371613914
0.17255022596956118
0.7444208599117592
0.9443430759905884
1.2000819861987009
1.0132553811654705
1.1796936528293867
0.6365003173936395
0.6967617743651311
0.28733803805120983
-0.002049164077738958
-0.10922581638871467
-0.8161233191172911
-1.2508817123919813
-0.8273446826360664
-0.8788226582133819
-1.0418123831786499
-0.8921157991907743
-0.7796198302713492
-0.0011139170494073314
-0.21547855719921907
0.2037424889984251
0.19045497229819025
0.5026087311749572
0.7367949797385198
0.966893652530758
0.9023446299958016
0.9872587968476123
0.9740212206476857
0.1543668607233463
-0.033067916295272816
-0.42487429559886936
-0.8072117804594777
-0.9859426478665049
-0.8477951086426051
-1.0946167760153689
-0.9507393647603258
-0.968035998950649
-0.6213155320568641
-0.5401880391206275
-0.1926661562120225
0.384948210002379
0.5921754774163928
0.692207700835854
0.6413709083577099
1.3090813818309022
0.7909976884492504
0.6639732866859553
0.6909473494795091
0.533562798363009
-0.2873888616016339
-0.1656698177719275
-0.6465911049909845
-0.8462598206974292
-0.8118473874099517
-0.7874039386912688
-0.8577319765784511
-0.33832562712885556
-0.8814222360532347
-0.2605502775328577
-0.22382058797245646
0.321648275611278
0.4999081954759881
0.7222589939628246
1.047259989111334
1.0647316860075289
0.8625305179403034
0.7051024487301363
0.9118242387910425
-0.04582468160433284
0.05722418300359123
-0.398039286204811
-0.46163309587883405
-0.8279874807340142
-1.1257759424945561
-1.2088396232348149
-0.811565736814768
-1.1603182375703143
-0.6161001682175005
-0.27020715984350857
0.06519896561085868
-0.03763714780911115
0.5949091916475204
1.0984516232149713
1.1400794442652444
0.984961989598737
0.811855352867194
0.9366533489577133
0.8499352093274102
0.6738695297612414
-0.059978023492040275
-0.30874474150224723
-0.5331175915599125
-0.6571867440345887
-0.9989769359787851
-0.9333396445967342
-0.7196231856341667
-0.6616152040650279
-0.5545918682526424
-0.4132704544965228
0.132905449328356
0.26402141242190985
0.5272963264981747
0.9276619997091967
0.885631399519458
0.947736300192092
0.8761742352180141
0.8850884354742968
0.8781467617172978
0.10404075253240991
-0.060455910421978024
-0.11184571963525936
-0.6297427153750114
-0.6628774695253051
-0.6838910912377036
-0.8641333929115756
-0.804448031627619
-0.5874920549641414
-0.9290206417102768
-0.17334420692069938
0.007368522996925965
0.3190017300441533
0.6172123130761523
0.703071450989445
1.073110764377828
1.272621988173631
1.1600712806703886
0.9693305047033809
0.7646314706322993
0.3612245072511268
0.09560925721730765
-0.2811237893900632
-0.651573827247156
-0.9436913052811926
-0.9983245235183192
-1.096180863518434
-0.9375795510840054
-0.8308471894359978
-0.5082367580337102
-0.3798293006016006
-0.3075239320962855
0.11506683296613815
0.07270719680673343
0.5712407748944899
0.9015166683292019
1.1383229889982285
0.5646215662232816
0.48929954758797645
0.9104020819070245
0.57880453394563
-0.17531517340320635
-0.1778805095493158
-0.8187768017237503
-0.8260656242295699
-1.0498773089580473
-1.0818080476947474
-0.7421635724907121
-0.9114505246478113
-0.8297491421369245
-0.008267030803355835
-0.08666063071631838
0.4284897270440512
0.6262155970971812
0.9350001686465864
1.2936707210453315
0.9752922523012559
0.856588142753858
0.8085191426092572
0.5672864225043887
0.5618248000581805
-0.023000074193509412
-0.20341321015458907
-0.5634926733565774
-0.8862871912805108
-1.0756136461819887
-1.01163290341692
-1.167429843703674
-1.1819624683231666
-0.6882910249107782
-0.24826080774917342
0.516194702114836
0.08371301570724912
0.5307733929562329
0.6781820356899111
1.1384132760959094
1.1092103278656995
1.2503726743072685
0.4583112569822311
0.5471744358804259
0.3060705664988549
-0.5019228882821132
-0.4133868733162493
-0.6997181914653929
-0.8495803706605474
-1.1554318756306319
-0.9985750764926759
-0.8162488538520865
-1.0356133780805978
-0.6880841455527248
-0.450903213482462
0.24241772199177955
0.6997752222598588
0.500928058498644
0.785078989084833
0.774099142571845
1.1807896639300408
1.0806596103284225
0.7117673946809979
0.6490464663091235
0.3490038233084305
-0.3038506092946417
-0.3006473697991443
-0.4192453133143792
-1.054700313148822
-0.7312289544813217
-1.2031714005375875
-0.8714567347607768
-0.9361236661494782
-0.6155903667636343
-0.5173221543504039
