1000
0.0
0.3090169943749474
0.5877852522924731
0.8090169943749475
0.9510565162951535
1.0
0.9510565162951535
0.8090169943749475
0.5877852522924732
0.3090169943749471
1.2246467991473532e-16
-0.3090169943749473
-0.5877852522924734
-0.8090169943749479
-0.9510565162951535
-1.0
-0.9510565162951536
-0.809016994374947
-0.5877852522924726
-0.3090169943749477
-2.4492935982947064e-16
0.309016994374948
0.5877852522924729
0.8090169943749472
0.9510565162951538
1.0
0.9510565162951531
0.8090169943749476
0.5877852522924734
0.3090169943749478
3.6739403974420594e-16
-0.30901699437494706
-0.5877852522924728
-0.8090169943749482
-0.951056516295154
-1.0
-0.9510565162951532
-0.8090169943749477
-0.5877852522924735
-0.3090169943749479
-4.898587196589413e-16
0.3090169943749486
0.5877852522924741
0.8090169943749481
0.9510565162951534
1.0
0.9510565162951538
0.8090169943749478
0.5877852522924721
0.3090169943749463
-1.164033439826574e-15
-0.3090169943749485
-0.5877852522924755
-0.8090169943749481
-0.9510565162951534
-1.0
-0.9510565162951538
-0.8090169943749468
-0.5877852522924737
-0.3090169943749464
-7.347880794884119e-16
0.3090169943749484
0.5877852522924725
0.809016994374948
0.9510565162951533
1.0
0.9510565162951528
0.8090169943749469
0.5877852522924709
0.30901699437494656
-2.6954609193973537e-15
-0.3090169943749483
-0.5877852522924752
-0.8090169943749459
-0.9510565162951533
-1.0
-0.9510565162951539
-0.8090169943749469
-0.5877852522924739
-0.3090169943749467
-9.797174393178826e-16
0.3090169943749482
0.5877852522924751
0.8090169943749479
0.9510565162951543
1.0
0.9510565162951528
0.8090169943749449
0.587785252292474
0.30901699437495017
1.102182119232618e-15
-0.30901699437494806
-0.5877852522924722
-0.8090169943749478
-0.9510565162951532
-1.0
-0.9510565162951529
-0.8090169943749471
-0.5877852522924712
-0.3090169943749469
2.328066879653148e-15
0.30901699437494795
0.587785252292475
0.8090169943749498
0.9510565162951554
1.0
0.9510565162951529
0.8090169943749492
0.5877852522924742
0.309016994374947
-2.2056021997384123e-15
-0.3090169943749512
-0.587785252292472
-0.8090169943749477
-0.9510565162951542
-1.0
-0.951056516295154
-0.8090169943749472
-0.5877852522924714
-0.30901699437494373
-1.4695761589768238e-15
0.30901699437494773
0.5877852522924748
0.8090169943749455
0.9510565162951531
1.0
0.951056516295153
0.8090169943749452
0.5877852522924744
0.30901699437494723
-1.9606728399089416e-15
-0.30901699437495095
-0.5877852522924776
-0.8090169943749475
-0.9510565162951542
-1.0
-0.9510565162951519
-0.8090169943749473
-0.5877852522924716
-0.30901699437494395
5.3909218387947074e-15
0.3090169943749542
0.5877852522924746
0.8090169943749496
0.9510565162951552
1.0
0.9510565162951552
0.8090169943749496
0.5877852522924746
0.30901699437494745
-1.7157434800794711e-15
-0.30901699437494395
-0.5877852522924716
-0.8090169943749473
-0.9510565162951541
-1.0
-0.9510565162951542
-0.8090169943749475
-0.5877852522924718
-0.30901699437494423
-1.959434878635765e-15
0.30901699437494723
0.5877852522924744
0.8090169943749493
0.9510565162951552
1.0
0.9510565162951531
0.8090169943749455
0.587785252292469
0.30901699437494096
-1.4708141202500005e-15
-0.3090169943749505
-0.5877852522924771
-0.8090169943749514
-0.9510565162951562
-1.0
-0.9510565162951542
-0.8090169943749477
-0.5877852522924778
-0.3090169943749512
-2.204364238465236e-15
0.309016994374947
0.5877852522924742
0.809016994374945
0.9510565162951529
1.0
0.9510565162951532
0.8090169943749457
0.587785252292475
0.30901699437494795
-1.22588476042053e-15
-0.3090169943749503
-0.587785252292477
-0.8090169943749471
-0.951056516295154
-1.0
-0.9510565162951521
-0.8090169943749437
-0.5877852522924722
-0.3090169943749447
4.656133759306296e-15
0.30901699437495356
0.587785252292474
0.8090169943749491
0.951056516295155
1.0
0.9510565162951511
0.8090169943749416
0.5877852522924637
0.3090169943749482
-9.809554005910593e-16
-0.30901699437495006
-0.5877852522924768
-0.8090169943749428
-0.9510565162951516
-1.0
-0.9510565162951544
-0.8090169943749479
-0.5877852522924725
-0.3090169943749449
4.411204399476825e-15
0.3090169943749533
0.5877852522924796
0.8090169943749448
0.9510565162951528
1.0
0.9510565162951533
0.8090169943749459
0.5877852522924696
0.3090169943749416
-7.841453398362591e-15
-0.30901699437495656
-0.5877852522924708
-0.8090169943749468
-0.9510565162951538
-1.0
-0.9510565162951523
-0.8090169943749439
-0.5877852522924669
-0.3090169943749384
-2.9391523179536475e-15
0.3090169943749463
0.5877852522924736
0.8090169943749488
0.9510565162951549
1.0
0.9510565162951556
0.8090169943749502
0.5877852522924756
0.3090169943749486
-4.91096680932118e-16
-0.30901699437494956
-0.5877852522924764
-0.8090169943749508
-0.9510565162951559
-1.0
-0.9510565162951545
-0.8090169943749482
-0.5877852522924728
-0.3090169943749454
3.921345679817883e-15
0.30901699437495284
0.5877852522924791
0.8090169943749528
0.951056516295157
1.0
0.9510565162951535
0.8090169943749462
0.58778525229247
0.3090169943749421
-7.351594678703649e-15
-0.3090169943749561
-0.5877852522924819
-0.8090169943749549
-0.9510565162951536
-1.0
-0.9510565162951524
-0.8090169943749442
-0.5877852522924673
-0.30901699437493885
1.0781843677589415e-14
0.30901699437495933
0.5877852522924847
0.8090169943749569
0.9510565162951546
1.0
0.9510565162951513
0.8090169943749422
0.5877852522924645
0.3090169943749491
-1.2379612731767154e-18
-0.30901699437493557
-0.5877852522924645
-0.8090169943749422
-0.9510565162951513
-1.0
-0.9510565162951546
-0.8090169943749485
-0.5877852522924732
-0.30901699437494584
3.4314869601589423e-15
0.30901699437493885
0.5877852522924673
0.8090169943749442
0.9510565162951524
1.0
0.9510565162951536
0.8090169943749466
0.5877852522924705
0.30901699437494257
-6.861735959044708e-15
-0.3090169943749421
-0.58778525229247
-0.8090169943749462
-0.9510565162951535
-1.0
-0.9510565162951525
-0.8090169943749445
-0.5877852522924677
-0.3090169943749393
-3.91886975727153e-15
0.3090169943749454
0.5877852522924728
0.8090169943749482
0.9510565162951545
1.0
0.9510565162951515
0.8090169943749425
0.5877852522924649
0.30901699437493607
4.886207583857646e-16
-0.3090169943749486
-0.5877852522924756
-0.8090169943749502
-0.9510565162951556
-1.0
-0.9510565162951504
-0.8090169943749405
-0.5877852522924621
-0.3090169943749463
2.941628240500001e-15
0.3090169943749519
0.5877852522924784
0.8090169943749522
0.9510565162951566
1.0
0.9510565162951494
0.8090169943749385
0.5877852522924594
0.30901699437494307
-6.371877239385766e-15
-0.30901699437495517
-0.5877852522924696
-0.8090169943749459
-0.9510565162951533
-1.0
-0.9510565162951571
-0.8090169943749531
-0.5877852522924796
-0.3090169943749533
-4.408728476930472e-15
0.3090169943749449
0.5877852522924725
0.8090169943749479
0.9510565162951544
1.0
0.9510565162951561
0.8090169943749511
0.5877852522924768
0.30901699437495
9.784794780447059e-16
-0.3090169943749482
-0.5877852522924751
-0.80901699437495
-0.9510565162951554
-1.0
-0.951056516295155
-0.8090169943749491
-0.587785252292474
-0.3090169943749468
2.45176952084106e-15
0.30901699437495145
0.587785252292478
0.809016994374952
0.9510565162951565
1.0
0.951056516295154
0.8090169943749471
0.5877852522924712
0.3090169943749435
-5.882018519726826e-15
-0.30901699437495467
-0.5877852522924807
-0.809016994374954
-0.9510565162951575
-1.0
-0.9510565162951529
-0.809016994374945
-0.5877852522924685
-0.30901699437494023
9.312267518612591e-15
0.30901699437495794
0.5877852522924836
0.809016994374956
0.9510565162951542
1.0
0.9510565162951519
0.809016994374943
0.5877852522924657
0.3090169943749505
-1.2742516517498357e-14
-0.30901699437494773
-0.5877852522924862
-0.8090169943749497
-0.9510565162951596
-1.0
-0.9510565162951463
-0.8090169943749578
-0.5877852522924744
-0.3090169943749608
1.9619108011821185e-15
0.30901699437493746
0.5877852522924776
0.8090169943749433
0.9510565162951563
1.0
0.9510565162951585
0.8090169943749473
0.5877852522924831
0.30901699437494395
8.81869491513412e-15
-0.3090169943749542
-0.5877852522924688
-0.8090169943749537
-0.951056516295153
-1.0
-0.951056516295153
-0.8090169943749537
-0.5877852522924688
-0.3090169943749542
8.82240879895365e-15
0.30901699437494395
0.5877852522924831
0.8090169943749473
0.9510565162951585
1.0
0.9510565162951563
0.8090169943749433
0.5877852522924776
0.30901699437493746
1.9581969173625882e-15
-0.3090169943749608
-0.5877852522924744
-0.8090169943749578
-0.9510565162951552
-1.0
-0.9510565162951509
-0.8090169943749497
-0.5877852522924633
-0.30901699437494773
1.5682906796725182e-14
0.3090169943749505
0.5877852522924887
0.8090169943749514
0.9510565162951519
1.0
0.9510565162951542
0.8090169943749393
0.587785252292472
0.3090169943749309
-4.902301080408943e-15
-0.30901699437496727
-0.5877852522924799
-0.8090169943749618
-0.9510565162951573
-1.0
-0.9510565162951488
-0.8090169943749457
-0.5877852522924577
-0.3090169943749412
-5.878304635907295e-15
0.30901699437493
0.5877852522924712
0.8090169943749387
0.951056516295154
1.0
0.9510565162951521
0.809016994374952
0.5877852522924665
0.30901699437495145
-1.1762799078180474e-14
-0.3090169943749468
-0.5877852522924625
-0.8090169943749491
-0.9510565162951506
-1.0
-0.9510565162951554
-0.8090169943749416
-0.5877852522924751
-0.30901699437493463
9.82193361864236e-16
0.3090169943749365
0.5877852522924768
0.8090169943749428
0.9510565162951561
1.0
0.95105651629515
0.8090169943749479
0.5877852522924609
0.3090169943749449
9.798412354452001e-15
-0.3090169943749533
-0.587785252292468
-0.8090169943749531
-0.9510565162951528
-1.0
-0.9510565162951533
-0.8090169943749376
-0.5877852522924696
-0.30901699437492813
7.842691359635767e-15
0.30901699437494307
0.5877852522924824
0.8090169943749468
0.9510565162951582
1.0
0.9510565162951479
0.8090169943749439
0.5877852522924554
0.3090169943749384
2.937914356680471e-15
-0.30901699437495983
-0.5877852522924736
-0.8090169943749571
-0.9510565162951549
-1.0
-0.9510565162951512
-0.8090169943749336
-0.587785252292464
-0.3090169943749486
1.4703189357407298e-14
0.30901699437494956
0.5877852522924879
0.8090169943749508
0.9510565162951603
1.0
0.9510565162951458
0.8090169943749399
0.5877852522924728
0.30901699437493185
-3.92258364109106e-15
-0.3090169943749663
-0.5877852522924791
-0.8090169943749612
-0.951056516295157
-1.0
-0.9510565162951491
-0.8090169943749295
-0.5877852522924585
-0.3090169943749421
2.156368735517883e-14
0.3090169943749561
0.5877852522924935
0.8090169943749549
0.9510565162951624
1.0
0.9510565162951437
0.8090169943749358
0.5877852522924673
0.30901699437492536
-1.0783081638862592e-14
-0.3090169943749729
-0.5877852522924847
-0.8090169943749652
-0.9510565162951591
-1.0
-0.951056516295147
-0.8090169943749589
-0.587785252292476
-0.3090169943749626
2.475922546353431e-18
0.30901699437493557
0.5877852522924529
0.8090169943749422
0.951056516295147
1.0
0.9510565162951591
0.8090169943749485
0.5877852522924847
0.30901699437494584
1.0778129793769884e-14
-0.3090169943749524
-0.5877852522924673
-0.8090169943749358
-0.9510565162951524
-1.0
-0.9510565162951536
-0.8090169943749549
-0.5877852522924705
-0.3090169943749561
6.8629739203178846e-15
0.3090169943749421
0.5877852522924585
0.8090169943749462
0.9510565162951491
1.0
0.951056516295157
0.8090169943749445
0.5877852522924791
0.3090169943749393
3.917631795998353e-15
-0.30901699437493185
-0.5877852522924728
-0.8090169943749399
-0.9510565162951545
-1.0
-0.9510565162951515
-0.8090169943749508
-0.5877852522924649
-0.30901699437494956
1.3723471918089415e-14
0.3090169943749486
0.587785252292464
0.8090169943749502
0.9510565162951512
1.0
0.9510565162951549
0.8090169943749405
0.5877852522924736
0.3090169943749328
-2.942866201773178e-15
-0.3090169943749384
-0.5877852522924784
-0.8090169943749439
-0.9510565162951566
-1.0
-0.9510565162951494
-0.8090169943749468
-0.5877852522924594
-0.30901699437494307
-7.83773951454306e-15
0.30901699437495517
0.5877852522924696
0.8090169943749543
0.9510565162951533
1.0
0.9510565162951528
0.8090169943749365
0.587785252292468
0.3090169943749533
-9.803364199544709e-15
-0.3090169943749449
-0.5877852522924839
-0.8090169943749479
-0.9510565162951587
-1.0
-0.9510565162951473
-0.8090169943749428
-0.5877852522924538
-0.3090169943749365
-9.772415167715292e-16
0.30901699437496166
0.5877852522924751
0.8090169943749583
0.9510565162951554
1.0
0.9510565162951506
0.8090169943749324
0.5877852522924625
0.3090169943749468
-1.666386219731624e-14
-0.30901699437495145
-0.5877852522924895
-0.809016994374952
-0.9510565162951609
-1.0
-0.9510565162951452
-0.8090169943749387
-0.5877852522924712
-0.30901699437492997
5.883256481000002e-15
0.3090169943749682
0.5877852522924807
0.8090169943749623
0.9510565162951575
1.0
0.9510565162951485
0.8090169943749284
0.5877852522924569
0.30901699437494023
-2.352436019508777e-14
-0.30901699437495794
-0.587785252292495
-0.809016994374956
-0.9510565162951631
-1.0
-0.951056516295143
-0.8090169943749347
-0.5877852522924657
-0.30901699437492347
1.2743754478771533e-14
0.30901699437497476
0.5877852522924862
0.8090169943749664
0.9510565162951509
1.0
0.9510565162951552
0.8090169943749578
0.5877852522924744
0.3090169943749608
-1.963148762455295e-15
-0.30901699437493746
-0.5877852522924546
-0.8090169943749433
-0.9510565162951475
-1.0
-0.9510565162951585
-0.8090169943749473
-0.5877852522924831
-0.30901699437494395
-8.817456953860943e-15
0.3090169943749542
0.5877852522924688
0.809016994374937
0.951056516295153
1.0
0.951056516295153
0.8090169943749537
0.5877852522924688
0.3090169943749542
-8.823646760226826e-15
-0.30901699437494395
-0.5877852522924601
-0.8090169943749473
-0.9510565162951496
-1.0
-0.9510565162951563
-0.8090169943749433
-0.5877852522924776
-0.30901699437493746
-1.9569589560894117e-15
0.30901699437493374
0.5877852522924744
0.809016994374941
0.9510565162951552
1.0
0.9510565162951509
0.8090169943749497
0.5877852522924633
0.3090169943749477
1.273756467240565e-14
-0.3090169943749505
-0.5877852522924657
-0.8090169943749514
-0.9510565162951519
-1.0
-0.9510565162951542
-0.8090169943749393
-0.587785252292472
-0.3090169943749309
4.90353904168212e-15
0.30901699437494023
0.5877852522924799
0.809016994374945
0.9510565162951573
1.0
0.9510565162951488
0.8090169943749457
0.5877852522924577
0.3090169943749412
5.877066674634119e-15
-0.309016994374957
-0.5877852522924712
-0.8090169943749554
-0.951056516295154
-1.0
-0.9510565162951521
-0.8090169943749352
-0.5877852522924665
-0.30901699437495145
1.1764037039453651e-14
0.3090169943749468
0.5877852522924855
0.8090169943749491
0.9510565162951594
1.0
0.9510565162951466
0.8090169943749416
0.5877852522924522
0.30901699437493463
-9.834313231374127e-16
-0.30901699437496355
-0.5877852522924768
-0.8090169943749594
-0.9510565162951561
-1.0
-0.95105651629515
-0.8090169943749312
-0.5877852522924609
-0.3090169943749449
1.8624535037225183e-14
0.3090169943749533
0.587785252292491
0.8090169943749531
0.9510565162951615
1.0
0.9510565162951445
0.8090169943749376
0.5877852522924696
0.30901699437492813
-7.843929320908943e-15
-0.3090169943749701
-0.5877852522924824
-0.8090169943749635
-0.9510565162951582
-1.0
-0.9510565162951479
-0.8090169943749439
-0.5877852522924784
-0.30901699437491137
2.5485033034996715e-14
0.30901699437495983
0.5877852522924736
0.8090169943749739
0.9510565162951636
1.0
0.9510565162951512
0.8090169943749502
0.587785252292441
0.3090169943749216
-1.4704427318680477e-14
-0.30901699437494956
-0.5877852522925109
-0.8090169943749341
-0.9510565162951428
-1.0
-0.9510565162951545
-0.8090169943749566
-0.5877852522924958
-0.30901699437493185
3.923821602364237e-15
0.3090169943749393
0.5877852522924562
0.8090169943749278
0.951056516295157
1.0
0.9510565162951579
0.8090169943749629
0.5877852522924585
0.3090169943749421
6.856784113952001e-15
-0.3090169943749291
-0.5877852522924474
-0.8090169943749549
-0.9510565162951536
-1.0
-0.9510565162951612
-0.8090169943749358
-0.5877852522924673
-0.30901699437495234
-1.763738983026824e-14
0.3090169943749188
0.5877852522924847
0.8090169943749486
0.9510565162951503
1.0
0.951056516295147
0.8090169943749422
0.587785252292476
0.3090169943749626
-2.842542331422354e-14
-0.3090169943749626
-0.587785252292476
-0.8090169943749422
-0.951056516295147
-1.0
-0.9510565162951503
-0.8090169943749485
-0.5877852522924847
-0.3090169943749188
1.76448175979073e-14
0.3090169943749524
0.5877852522924673
0.8090169943749358
0.9510565162951612
1.0
0.9510565162951536
0.8090169943749549
0.5877852522924474
0.3090169943749291
-6.8642118815910615e-15
-0.3090169943749421
-0.5877852522924585
-0.8090169943749629
-0.9510565162951579
-1.0
-0.951056516295157
-0.8090169943749278
-0.5877852522924562
-0.3090169943749393
-3.9163938347251765e-15
0.30901699437493185
0.5877852522924958
0.8090169943749566
0.9510565162951545
1.0
0.9510565162951428
0.8090169943749341
0.5877852522924649
0.30901699437494956
1.4696999551041415e-14
-0.30901699437497565
-0.5877852522924871
-0.8090169943749502
-0.9510565162951512
-1.0
-0.9510565162951461
-0.8090169943749405
-0.5877852522924736
-0.30901699437495983
3.1365813593450365e-14
0.30901699437496544
0.5877852522924784
0.8090169943749439
0.9510565162951654
1.0
0.9510565162951494
0.8090169943749468
0.5877852522924824
0.30901699437491603
-2.0585207877134124e-14
-0.30901699437495517
-0.5877852522924696
-0.809016994374971
-0.9510565162951621
-1.0
-0.9510565162951528
-0.8090169943749197
-0.587785252292445
-0.30901699437492625
9.804602160817886e-15
0.3090169943749449
0.5877852522925069
0.8090169943749647
0.9510565162951587
1.0
0.9510565162951385
0.809016994374926
0.5877852522924538
0.3090169943749365
9.760035554983525e-16
-0.3090169943749887
-0.5877852522924982
-0.8090169943749583
-0.9510565162951554
-1.0
-0.9510565162951419
-0.8090169943749324
-0.5877852522924625
-0.3090169943749468
-1.175660927181459e-14
0.3090169943749244
0.5877852522924435
0.809016994374952
0.9510565162951521
1.0
0.9510565162951627
0.8090169943749387
0.5877852522924712
0.309016994374957
2.2537214988130828e-14
-0.3090169943749682
-0.5877852522924807
-0.8090169943749457
-0.9510565162951488
-1.0
-0.9510565162951485
-0.809016994374945
-0.5877852522924799
-0.30901699437496727
2.352559815636095e-14
0.30901699437495794
0.587785252292472
0.8090169943749393
0.9510565162951454
1.0
0.9510565162951519
0.8090169943749514
0.5877852522924887
0.30901699437492347
-1.274499244004471e-14
-0.30901699437494773
-0.5877852522924633
-0.809016994374933
-0.9510565162951596
-1.0
-0.9510565162951552
-0.8090169943749578
-0.5877852522924514
-0.30901699437493374
